paint baron 128 128
transparency 12
12 12 12 12 12 12 12 18 5 12 12 12 12 12 12 21 18 12 12 12 12 12 12 12 12 12 12 12 12 12 12 12 12 12 12 12 12 12 12 12 22 7 4 12 12 12 12 12 12 12 12 12 12 12 12 12 12 12 12 12 12 5 5 5 12 12 12 12 12 12 5 13 21 15 15 31 31 31 5 29 5 12 12 12 12 12 12 12 12 12 12 12 12 12 12 12 12 12 12 12 12 12 12 5 16 15 31 31 31 30 31 5 5 12 12 12 12 12 12 12 12 12 12 12 12 12 12 12
12 12 12 12 12 12 12 21 18 4 20 15 31 4 4 18 16 12 12 12 12 12 12 12 12 12 12 12 12 12 12 12 12 12 12 12 12 20 20 20 4 4 16 20 20 20 12 12 12 12 12 12 12 12 12 12 12 12 12 12 5 5 27 4 27 5 5 12 12 12 22 5 16 4 31 31 15 4 13 21 16 12 12 12 12 12 12 12 12 12 12 12 12 12 12 12 12 12 12 12 12 12 16 5 20 4 4 31 31 31 4 16 13 16 12 12 12 12 12 12 12 12 12 12 12 12 12 12
12 12 12 12 12 12 12 22 4 31 4 22 21 0 16 0 12 12 12 12 12 12 12 12 12 12 12 12 12 12 12 12 12 12 12 20 31 4 4 20 0 31 4 16 4 4 20 12 12 12 12 12 12 12 12 12 12 12 12 12 5 31 5 27 30 4 5 26 12 12 21 12 12 4 20 4 20 16 16 16 20 12 12 12 12 12 12 12 12 12 12 12 12 12 12 12 12 12 12 12 12 12 12 16 16 4 4 31 4 4 20 5 18 12 12 12 12 12 12 12 12 12 12 12 12 12 12 12
12 12 12 12 12 12 12 16 20 16 16 0 0 0 20 20 12 12 12 12 12 12 12 12 12 12 12 12 12 12 12 12 12 12 12 30 20 16 16 21 20 0 20 21 4 0 4 20 20 12 12 12 12 12 12 12 12 12 12 5 5 5 20 20 4 4 5 12 12 12 12 12 30 4 30 4 15 4 16 16 12 12 12 12 12 12 12 12 12 12 12 12 12 12 12 12 12 12 12 12 12 12 12 12 12 16 15 4 15 4 16 12 12 12 12 12 12 12 12 12 12 12 12 12 12 12 12 12
12 12 12 12 12 12 12 16 20 16 20 0 16 16 0 12 12 12 12 12 12 12 12 12 12 12 12 12 12 12 12 12 12 12 4 4 0 21 0 0 20 16 20 0 16 16 20 4 20 21 21 12 12 12 12 12 12 12 12 12 4 4 20 20 20 4 5 12 12 12 12 12 16 20 31 21 16 16 16 20 4 12 12 12 12 12 12 12 12 12 12 12 12 12 12 12 12 12 12 12 12 12 12 12 12 22 20 20 16 20 22 12 12 12 12 12 12 12 12 12 12 12 12 12 12 12 12 12
12 12 20 12 12 12 12 12 4 20 4 16 20 16 20 20 12 12 12 5 12 12 12 12 12 12 12 12 12 12 12 12 12 12 4 20 0 21 16 21 16 16 16 16 16 20 16 22 4 16 21 20 12 12 12 12 12 12 12 12 5 27 4 20 20 20 31 31 31 12 12 12 12 16 16 16 16 20 16 4 20 4 4 12 12 12 12 12 12 12 12 12 12 12 12 12 12 12 12 12 12 12 12 12 4 0 4 31 20 20 4 4 12 12 12 12 12 12 12 12 12 12 12 12 12 12 12 12
12 12 16 12 4 22 4 4 20 4 20 13 16 16 20 31 4 12 12 12 12 21 12 12 12 12 12 12 12 12 12 12 4 20 30 22 4 15 20 16 30 15 16 16 0 16 20 22 4 16 16 18 20 12 12 12 12 12 12 12 12 26 20 5 5 20 20 30 31 4 4 30 20 16 16 16 16 4 16 30 30 20 31 31 31 4 12 12 12 12 12 12 12 12 12 12 12 12 12 12 12 12 12 20 20 20 4 16 20 20 20 20 4 12 12 12 12 12 12 12 12 12 12 12 12 12 12 12
12 12 12 20 31 31 31 31 27 31 4 20 16 16 16 0 5 15 0 31 12 12 12 12 12 12 12 12 12 12 12 12 21 16 4 4 30 0 21 31 31 20 16 20 30 4 15 4 4 16 16 16 16 12 12 12 12 12 12 12 12 5 5 12 12 12 20 20 4 4 4 4 4 20 20 16 4 4 4 31 15 4 31 31 15 31 4 12 12 12 12 12 12 12 12 12 12 12 12 12 12 4 22 20 4 4 4 4 4 4 4 4 4 4 31 4 12 12 12 12 12 12 12 12 12 12 12 12
12 12 12 20 20 20 4 16 4 15 31 31 20 20 20 21 4 16 16 4 4 12 12 12 12 12 12 12 12 31 12 12 12 21 20 16 20 16 20 4 4 4 4 16 20 4 21 4 4 16 16 16 16 12 31 12 12 12 12 12 12 12 12 12 12 12 12 12 20 16 20 4 20 16 20 20 4 20 4 30 30 4 16 20 4 30 4 4 12 12 12 12 12 12 12 12 12 12 12 12 4 4 31 30 31 20 20 16 16 20 31 31 31 4 31 20 4 12 12 12 12 12 12 12 12 12 12 12
12 20 4 4 21 20 20 4 21 0 4 31 4 21 4 4 16 0 20 20 20 20 12 27 12 12 12 12 4 4 20 4 20 4 21 16 20 16 20 16 4 20 16 20 16 20 0 20 20 16 16 16 16 20 20 21 4 12 12 12 12 12 12 12 12 12 12 12 12 12 12 20 16 20 20 16 16 20 4 4 4 20 16 4 31 15 4 15 12 12 12 12 12 12 12 12 12 12 12 12 20 4 4 4 4 4 4 4 4 30 30 30 4 4 20 4 20 20 12 12 12 12 12 12 12 12 12 12
20 31 4 5 21 20 16 21 16 31 16 4 5 22 20 4 16 16 20 16 20 20 5 4 20 12 12 12 16 20 4 20 21 16 21 16 20 0 20 16 4 16 16 16 0 16 0 16 20 16 16 16 20 20 4 20 16 12 12 12 12 12 12 12 12 12 12 12 12 12 12 12 12 16 20 20 16 20 20 20 16 31 20 20 20 4 31 30 4 12 12 12 12 12 12 12 12 12 12 12 20 20 20 20 4 4 20 4 4 4 4 20 20 20 4 22 20 20 12 12 12 12 12 12 12 12 12 12
4 4 30 16 20 12 16 16 16 4 16 16 21 16 16 16 16 0 16 16 20 20 20 21 16 12 12 12 16 20 20 20 16 16 16 4 20 16 21 21 20 16 0 16 0 0 0 0 0 16 16 21 21 21 21 20 21 16 12 12 12 12 12 12 12 12 12 12 12 12 12 12 12 12 16 16 20 16 16 16 20 16 16 16 16 4 31 31 4 20 12 12 12 12 12 12 12 12 12 4 20 20 20 20 20 20 20 20 20 20 20 20 20 20 4 22 4 20 12 12 12 12 12 12 12 12 12 12
21 20 20 20 12 12 20 20 4 20 0 5 0 16 16 16 4 16 16 12 16 16 5 4 16 16 12 12 12 16 16 16 16 16 16 4 30 30 4 20 0 0 0 0 0 0 0 0 0 0 16 16 16 16 18 18 16 16 12 12 12 12 12 12 12 12 12 12 12 12 12 12 12 12 12 20 16 16 16 20 16 16 16 16 16 31 31 31 20 20 12 12 12 12 12 12 12 12 12 4 20 20 16 16 16 20 20 4 20 16 16 16 16 0 20 4 20 20 20 12 12 12 12 12 12 12 12 12
12 20 20 5 12 12 12 16 0 4 16 5 16 20 0 21 4 22 12 12 12 12 20 21 20 16 12 12 12 0 0 16 16 16 16 16 16 16 16 16 16 16 0 0 0 0 0 0 0 0 0 16 16 16 16 16 16 16 12 12 12 12 12 12 12 12 12 12 12 12 12 12 12 12 12 20 20 16 20 20 20 16 0 16 0 30 22 20 20 12 12 12 12 12 12 12 12 12 12 20 20 16 16 16 20 20 20 16 16 20 20 16 16 16 20 4 4 15 4 12 12 12 12 12 12 12 12 12
12 12 4 21 12 12 20 20 16 16 16 16 21 16 16 21 20 12 12 12 12 12 12 27 21 12 12 12 12 12 12 12 12 0 16 16 16 16 16 16 16 16 16 16 0 0 0 12 0 0 0 16 16 16 16 16 16 12 12 12 12 12 12 12 12 12 12 12 12 12 12 12 12 12 12 20 31 20 20 4 20 16 16 16 0 31 31 20 12 12 12 12 12 12 12 12 12 12 12 20 20 16 16 12 16 20 4 20 20 4 20 4 4 4 20 15 4 31 4 12 12 12 12 12 12 12 12 12
12 12 12 12 12 12 20 20 20 16 16 16 16 21 20 31 31 16 12 12 12 12 12 12 12 5 12 12 12 12 12 12 12 12 12 12 12 12 12 12 12 12 12 12 12 12 12 12 12 12 12 12 12 12 12 12 12 12 12 12 12 12 12 12 12 12 12 12 12 12 12 12 12 12 4 20 20 4 4 16 21 21 5 4 4 4 16 12 12 12 12 12 12 12 12 12 12 12 12 20 4 20 16 12 20 20 20 20 20 20 16 31 4 4 31 31 4 20 16 12 12 12 12 12 12 12 12 12
12 12 12 12 12 12 16 21 20 21 16 16 16 16 5 21 4 4 0 16 12 12 12 12 12 12 12 12 12 12 12 12 12 12 12 12 12 12 12 12 12 12 12 12 12 12 12 12 12 12 12 12 12 12 12 12 12 12 12 12 12 12 12 12 12 12 12 12 12 12 12 12 12 12 4 20 4 16 20 20 20 5 16 21 20 16 16 12 12 12 12 12 12 12 12 12 12 12 12 20 20 20 16 20 4 20 4 20 20 4 5 4 20 20 20 20 20 20 12 12 12 12 12 12 12 12 12 12
12 12 12 12 12 12 20 4 4 20 20 16 16 16 21 4 21 4 20 16 12 12 12 12 12 12 12 12 12 12 12 12 12 12 12 12 12 12 12 12 12 12 12 12 12 12 12 12 12 12 12 12 12 12 12 12 12 12 12 12 12 12 12 12 12 12 12 12 12 12 12 12 12 12 16 4 20 4 4 20 4 5 21 16 16 16 16 12 12 12 12 12 12 12 12 12 12 12 12 12 20 20 20 21 4 22 4 4 20 20 4 21 21 20 16 12 12 12 12 12 12 12 12 12 12 12 12 12
12 12 12 12 12 12 20 20 4 20 20 20 16 21 21 20 4 16 16 16 12 12 12 12 12 12 12 12 12 12 12 12 12 12 12 12 12 12 12 12 12 12 12 12 12 12 12 12 12 12 12 12 12 12 12 12 12 12 12 12 12 12 12 12 12 12 12 12 12 12 12 12 12 21 4 30 31 30 20 20 20 20 5 5 5 21 16 21 12 12 12 12 12 12 12 12 12 12 12 12 20 20 16 4 30 30 4 4 4 4 16 20 21 16 16 12 12 12 12 12 12 12 12 12 12 12 12 12
12 12 12 12 12 16 20 4 21 16 4 18 16 21 16 16 4 4 20 16 12 12 12 12 12 12 12 12 12 12 12 12 12 12 12 12 12 12 12 12 12 12 12 18 5 4 12 12 12 12 4 31 4 12 12 12 12 12 12 12 12 12 12 12 12 12 12 12 12 12 12 12 12 20 4 4 20 4 20 20 21 4 30 5 20 21 16 12 12 12 12 12 12 12 12 12 12 12 12 12 12 20 4 4 4 30 30 4 20 16 21 21 21 21 16 12 12 12 12 12 12 12 12 12 12 12 12 12
12 12 12 12 12 21 4 0 16 21 0 12 12 21 5 16 20 20 4 20 18 12 12 12 12 12 12 12 12 12 12 12 12 12 12 12 12 12 12 12 12 12 12 5 5 20 31 15 15 15 31 5 5 5 12 12 12 12 12 12 12 12 12 12 12 12 12 12 12 12 12 12 12 4 20 20 20 20 20 16 20 20 4 30 4 20 21 16 12 12 12 12 12 12 12 12 12 12 12 12 12 12 21 20 4 4 31 30 21 16 16 16 16 21 12 12 12 12 12 12 12 12 12 12 12 12 12 12
12 12 12 12 12 21 20 0 16 16 16 12 21 5 21 5 21 20 16 20 21 12 12 12 12 12 12 12 12 12 12 12 12 12 12 12 12 12 12 12 12 12 12 20 16 20 20 31 31 30 4 18 18 21 12 12 12 12 12 12 12 12 12 12 12 12 12 12 12 12 12 12 12 20 20 20 20 20 20 12 12 20 20 4 4 4 21 16 12 12 12 12 12 12 12 12 12 12 12 12 12 21 5 16 4 4 4 4 21 16 16 16 16 16 12 12 12 12 12 12 12 12 12 12 12 12 12 12
12 12 12 12 21 21 16 21 16 16 16 16 12 16 0 20 16 16 21 5 21 12 12 12 12 12 12 12 12 12 12 12 12 12 12 12 12 12 12 12 12 12 12 12 12 15 4 20 20 20 20 20 12 12 12 12 12 12 12 12 12 12 12 12 12 12 12 12 12 12 12 12 16 20 20 20 20 21 16 12 12 12 21 20 4 4 20 16 12 12 12 12 12 12 12 12 12 12 12 12 12 12 12 4 4 4 4 4 16 16 16 16 16 16 12 12 12 12 12 12 12 12 12 12 12 12 12 12
12 12 12 12 21 20 20 16 16 0 12 21 12 12 12 21 16 21 16 0 20 18 12 12 12 12 12 12 12 12 12 12 12 12 12 12 12 12 12 12 12 12 12 12 12 20 16 31 20 20 20 12 12 12 12 12 12 12 12 12 12 12 12 12 12 12 12 12 12 12 12 12 21 4 20 20 21 21 12 12 12 12 21 20 4 4 20 21 12 12 12 12 12 12 12 12 12 12 12 12 12 12 12 20 4 4 4 20 16 16 16 16 21 12 12 12 12 12 12 12 12 12 12 12 12 12 12 12
12 12 12 12 4 4 4 20 20 0 21 12 12 12 12 12 16 21 4 16 21 20 12 12 12 12 12 12 12 12 12 12 12 12 12 12 12 12 12 12 12 12 12 12 4 20 16 16 20 20 16 4 12 12 12 12 12 12 12 12 12 12 12 12 12 12 12 12 12 12 12 12 4 4 20 20 21 16 12 12 12 12 12 21 20 21 20 4 12 12 12 12 12 12 12 12 12 12 12 12 12 12 12 20 20 4 20 20 16 16 16 16 16 12 12 12 12 12 12 12 12 12 12 12 12 12 12 12
12 12 12 4 21 20 4 20 20 16 12 12 12 12 12 12 16 16 20 4 4 4 4 12 12 12 12 12 12 12 12 12 12 12 12 12 12 12 12 12 12 12 12 4 20 20 20 16 16 16 20 20 4 12 12 12 12 12 12 12 12 12 12 12 12 12 12 12 12 12 12 21 30 30 30 4 21 16 12 12 12 12 12 16 21 4 4 30 20 12 12 12 12 12 12 12 12 12 12 12 12 12 12 21 4 21 20 16 20 16 20 21 4 12 12 12 12 12 12 12 12 12 12 12 12 12 12 12
12 12 12 20 4 4 20 16 21 12 12 12 12 12 12 12 12 16 4 4 4 4 4 4 4 12 12 12 12 12 12 12 12 12 12 12 12 12 12 12 31 31 4 4 4 4 13 16 16 20 4 4 20 4 20 12 12 12 12 12 12 12 12 12 12 12 12 12 12 12 12 4 30 4 4 4 20 12 12 12 12 12 12 16 4 4 30 4 4 16 12 12 12 12 12 12 12 12 12 12 12 12 12 20 31 20 4 21 16 16 20 20 20 20 12 12 12 12 12 12 12 12 12 12 12 12 12 12
12 12 16 21 16 20 16 16 16 12 12 12 12 12 12 12 12 16 21 21 16 20 20 20 16 16 12 12 12 12 12 12 12 12 12 12 12 12 12 4 20 31 4 31 31 31 4 16 16 20 20 31 30 31 4 4 12 12 12 12 12 12 12 12 12 12 12 12 12 12 20 31 31 4 4 20 16 12 12 12 12 12 12 16 20 4 4 4 4 20 12 12 12 12 12 12 12 12 12 12 12 12 12 20 4 30 4 4 21 16 20 4 20 21 12 12 12 12 12 12 12 12 12 12 12 12 12 12
12 12 16 16 18 16 16 16 16 12 12 12 12 12 12 12 12 12 16 16 16 20 21 21 16 20 12 12 12 12 12 12 12 12 12 12 12 12 20 20 4 20 4 4 30 30 30 4 4 4 4 4 4 4 4 20 12 12 12 12 12 12 12 12 12 12 12 12 12 12 20 4 30 30 20 20 12 12 12 12 12 12 12 12 20 20 4 4 4 20 12 12 12 12 12 12 12 12 12 12 12 12 12 4 30 31 4 4 20 16 21 20 21 12 12 12 12 12 12 12 12 12 12 12 12 12 12 12
12 12 16 16 18 18 16 16 12 12 12 12 12 12 12 12 12 12 16 16 16 16 16 16 18 16 16 12 12 12 12 12 12 12 12 12 12 12 20 22 4 16 20 20 20 4 4 4 4 20 4 4 20 20 20 20 12 12 12 12 12 12 12 12 12 12 12 12 12 4 30 30 4 16 21 12 12 12 12 12 12 12 12 12 16 21 4 30 30 30 12 12 12 12 12 12 12 12 12 12 12 12 12 20 30 31 4 4 21 16 4 16 4 4 12 12 12 12 12 12 12 12 12 12 12 12 12 12
12 12 12 12 12 12 12 12 12 12 12 12 12 12 12 12 12 12 12 12 12 16 16 16 18 18 16 12 12 12 12 12 12 12 12 12 12 20 4 22 4 20 20 20 20 20 20 20 20 20 20 20 20 20 20 20 4 12 12 12 12 12 12 12 12 12 12 12 12 21 16 20 20 21 20 12 12 12 12 12 12 12 12 12 12 21 30 20 16 21 16 12 12 12 12 12 12 12 12 12 12 12 12 21 30 30 30 16 16 21 20 16 20 21 12 12 12 12 12 12 12 12 12 12 12 12 12 12
12 12 12 12 12 12 12 12 12 12 12 12 12 12 12 12 12 12 12 12 12 16 16 16 16 16 16 12 12 12 12 12 12 12 12 12 20 20 20 20 20 16 16 16 16 16 16 20 4 20 20 16 16 16 20 20 4 12 12 12 12 12 12 12 12 12 12 12 12 16 16 16 16 21 16 12 12 12 12 12 12 12 12 12 12 16 21 20 16 4 20 12 12 12 12 12 12 12 12 12 12 12 12 20 4 21 4 20 12 16 16 16 16 16 12 12 12 12 12 12 12 12 12 12 12 12 12 12
12 12 12 12 12 12 12 12 12 12 12 12 12 12 12 12 12 12 12 12 12 12 12 12 12 12 12 12 12 12 12 12 12 12 12 12 20 4 4 30 20 5 16 16 20 20 20 16 16 16 20 20 16 16 16 20 20 12 12 12 12 12 12 12 12 12 12 12 16 16 16 16 16 16 12 12 12 12 12 12 12 12 12 12 12 16 16 16 16 16 16 16 12 12 12 12 12 12 12 12 12 12 12 16 4 4 4 16 12 16 16 16 16 16 12 12 12 12 12 12 12 12 12 12 12 12 12 12
12 12 12 12 12 12 12 12 12 5 5 31 30 22 22 31 15 16 5 12 12 12 12 12 12 12 12 12 12 12 12 12 12 12 12 12 20 4 31 4 4 5 12 16 20 20 20 20 20 4 20 16 12 12 16 20 20 20 12 12 12 12 12 12 12 12 12 12 12 12 12 12 12 12 12 12 12 12 12 12 12 12 12 12 12 16 16 16 16 16 16 16 12 12 12 12 12 12 12 12 12 12 12 20 20 18 20 20 12 16 16 16 16 16 12 12 12 12 12 12 12 12 12 12 12 12 12 12
12 12 12 12 12 12 12 12 16 13 16 4 31 31 31 4 4 20 21 16 12 12 12 12 12 12 12 12 12 12 12 12 12 12 12 12 5 21 4 31 5 12 20 16 20 16 20 20 20 20 20 20 16 12 20 4 20 20 12 12 12 12 12 12 12 12 12 12 12 12 12 12 12 12 12 12 12 12 12 12 12 12 12 12 12 12 16 16 16 16 16 12 12 12 12 12 12 12 12 12 12 12 12 16 16 21 16 16 12 12 12 12 12 12 12 12 12 12 12 12 12 12 12 12 12 12 12 12
12 12 12 12 12 12 12 12 12 18 16 20 4 4 4 4 4 12 12 12 12 12 12 12 12 12 12 12 12 12 12 12 12 12 12 12 21 5 20 20 5 21 20 20 20 20 4 20 20 4 20 4 20 12 16 20 20 20 12 12 12 12 12 12 12 12 12 12 12 12 12 12 12 12 12 12 12 12 12 12 12 12 12 12 12 12 12 12 12 12 12 12 12 12 12 12 12 12 12 12 12 12 12 16 21 5 21 16 12 12 12 12 12 12 12 12 12 12 12 12 12 12 12 12 12 12 12 12
12 12 12 12 12 12 12 12 12 12 12 16 4 15 4 15 16 4 4 12 12 12 12 12 12 12 12 12 12 12 12 12 12 12 12 12 21 5 5 5 5 12 20 20 4 4 20 20 20 4 4 4 21 12 12 20 20 20 12 12 12 12 12 12 12 12 12 12 12 12 12 12 12 5 4 31 12 4 4 12 12 31 5 21 12 12 12 12 12 12 12 12 12 12 12 12 12 12 12 12 12 12 12 12 12 12 12 12 12 12 12 12 12 12 12 12 12 12 12 12 12 12 12 12 12 12 12 12
12 12 12 12 12 12 12 12 20 20 16 22 20 16 20 20 22 4 30 22 12 12 12 12 12 12 12 12 12 12 12 12 12 12 12 12 12 12 21 12 12 12 20 4 20 4 4 20 4 4 4 4 16 16 12 31 4 20 21 12 12 12 12 12 12 12 12 12 12 12 12 12 21 5 21 22 31 31 31 22 31 4 21 29 16 12 12 12 12 12 12 12 12 12 12 12 12 12 12 12 12 12 12 12 12 12 12 12 12 12 12 12 12 12 12 12 12 12 12 12 12 12 12 12 12 12 12 12
12 12 12 12 12 12 12 20 22 20 16 4 20 20 31 4 16 20 4 4 30 12 12 12 12 12 12 12 12 12 12 12 12 12 12 12 12 12 12 12 5 21 4 30 31 30 20 20 20 20 20 20 20 21 16 5 20 4 5 21 12 12 12 12 12 12 12 12 12 12 12 12 16 5 16 20 4 22 22 20 20 20 16 21 12 12 12 12 12 12 12 12 12 12 12 12 12 12 12 12 12 12 12 12 5 5 31 30 31 31 31 15 16 5 12 12 12 12 12 12 12 12 12 12 12 12 12 12
12 12 12 12 12 12 12 20 4 20 20 20 20 20 16 4 20 4 4 20 4 4 4 12 12 12 12 12 12 12 12 12 12 12 12 12 12 12 12 12 12 20 4 4 20 4 20 20 21 4 30 4 20 21 16 5 4 20 5 12 12 12 12 12 12 12 12 12 12 12 12 12 12 12 12 20 31 31 31 31 20 12 12 12 12 12 12 12 12 12 12 12 12 12 12 12 12 12 12 12 12 12 12 16 13 16 4 31 31 31 4 4 20 5 16 12 12 12 12 12 12 12 12 12 12 12 12 12
12 12 12 12 12 12 4 31 4 4 31 20 20 20 20 20 4 20 20 16 4 4 31 30 12 12 12 12 12 12 12 12 12 12 12 12 12 12 12 12 21 4 20 20 20 20 20 16 20 20 4 30 4 20 5 31 20 20 5 12 12 12 12 12 12 12 12 12 12 12 12 12 12 12 12 22 16 20 20 20 4 12 12 12 12 12 12 12 12 12 12 12 12 12 12 12 12 12 12 12 12 12 12 12 18 5 20 4 4 31 4 4 16 16 12 12 12 12 12 12 12 12 12 12 12 12 12 12
12 12 12 12 12 20 4 31 4 31 4 4 20 16 16 16 20 20 16 20 16 20 4 4 31 31 5 12 12 12 12 12 12 12 12 12 12 12 12 12 20 20 20 20 20 21 21 12 12 20 20 4 4 4 21 5 4 21 21 12 12 12 12 12 12 12 12 12 12 12 12 12 12 12 4 31 20 22 22 4 31 20 12 12 12 12 12 12 12 12 12 12 12 12 12 12 12 12 12 12 12 12 12 12 12 12 16 4 15 4 15 16 12 12 12 12 12 12 12 12 12 12 12 12 12 12 12 12
12 12 12 12 12 20 4 31 4 4 20 20 20 16 16 20 20 20 12 12 20 20 20 20 20 4 4 5 12 12 12 12 12 12 12 12 12 12 12 12 20 20 20 20 21 21 16 12 12 12 21 20 4 4 20 16 12 21 12 12 12 12 12 12 12 12 12 12 12 12 12 12 12 4 16 20 31 4 4 31 20 16 4 12 12 12 12 12 12 12 12 12 12 12 12 12 12 12 12 12 12 12 12 12 12 12 22 20 16 20 20 22 12 12 12 12 12 12 12 12 12 12 12 12 12 12 12 12
12 12 12 12 12 12 20 4 20 4 20 4 20 20 20 16 16 12 12 12 12 12 20 20 4 20 20 5 12 12 12 12 12 12 12 12 12 12 12 12 4 4 20 20 21 21 12 12 12 12 21 20 4 4 20 21 21 12 21 12 12 12 12 12 12 12 12 12 12 12 12 4 30 20 20 20 31 20 4 31 20 16 16 4 4 4 12 12 12 12 12 12 12 12 12 12 12 12 12 12 12 12 12 12 12 4 4 20 20 31 4 0 4 12 12 12 12 12 12 12 12 12 12 12 12 12 12 12
12 12 12 12 12 12 31 20 20 31 31 16 20 16 16 16 20 12 12 12 12 12 12 21 16 20 20 21 12 12 12 12 12 12 12 12 12 12 12 12 4 4 20 20 21 16 12 12 12 12 12 21 20 21 20 4 20 12 12 12 12 12 12 12 12 12 12 12 12 12 4 22 31 4 4 4 4 18 21 20 16 4 20 4 22 4 4 12 12 12 12 12 12 12 12 12 12 12 12 12 12 12 12 12 4 20 20 20 20 16 4 20 20 20 12 12 12 12 12 12 12 12 12 12 12 12 12 12
12 12 12 12 12 20 30 31 4 31 31 20 20 16 20 20 20 12 12 12 12 12 12 21 5 5 21 16 12 12 12 12 12 12 12 12 12 12 12 21 30 30 30 4 21 16 12 12 12 12 12 16 21 4 4 30 20 12 12 12 12 12 12 12 12 12 12 12 12 20 20 4 4 4 4 4 4 20 20 4 4 4 4 20 4 4 16 20 12 12 12 12 12 12 12 12 12 12 12 12 12 4 31 4 4 4 4 4 4 4 4 4 4 20 22 4 12 12 12 12 12 12 12 12 12 12 12 12
12 12 12 12 12 20 4 31 4 4 4 16 20 20 4 16 20 20 12 12 12 12 12 5 21 21 21 12 12 12 12 12 12 12 12 12 12 12 12 4 30 4 4 4 20 12 12 12 12 12 12 16 4 4 30 4 4 20 12 12 12 12 12 12 12 12 12 12 12 16 20 20 20 4 4 4 4 16 20 4 4 4 20 20 20 16 16 20 12 12 12 12 12 12 12 12 12 12 12 12 4 20 31 4 31 31 31 20 16 16 20 20 31 30 31 4 4 12 12 12 12 12 12 12 12 12 12 12
12 12 12 12 12 12 16 4 31 31 20 4 16 20 20 20 4 4 12 12 12 12 12 5 16 12 12 12 12 12 12 12 12 12 12 12 12 12 20 31 31 4 4 20 16 12 12 12 12 12 12 16 20 4 4 4 4 20 12 12 12 12 12 12 12 12 12 12 12 20 20 20 20 20 20 20 20 20 20 20 20 20 20 20 16 20 30 20 20 12 12 12 12 12 12 12 12 12 12 20 20 4 20 4 4 30 30 30 4 4 4 4 4 4 4 4 20 12 12 12 12 12 12 12 12 12 12 12
12 12 12 12 12 30 16 20 4 31 31 31 31 4 20 5 31 26 5 12 12 12 21 12 12 12 12 12 12 12 12 12 12 12 12 12 12 12 20 4 30 30 20 20 12 12 12 12 12 12 12 12 20 20 4 4 4 20 12 12 12 12 12 12 12 12 12 12 4 4 4 20 16 20 20 20 20 20 20 20 20 20 16 20 16 20 20 20 20 12 12 12 12 12 12 12 12 12 12 20 20 22 4 20 20 20 4 4 4 4 20 4 4 20 20 20 20 12 12 12 12 12 12 12 12 12 12 12
12 12 12 12 21 4 21 20 20 4 4 22 30 31 31 31 31 30 30 27 12 12 12 12 12 12 12 12 12 12 12 12 12 12 12 12 12 4 30 30 4 16 21 12 12 12 12 12 12 12 12 12 16 20 4 30 30 30 12 12 12 12 12 12 12 12 12 12 4 20 20 16 16 16 16 20 20 20 20 20 16 16 20 16 16 20 20 20 20 20 12 12 12 12 12 12 12 12 12 20 4 22 4 20 20 20 20 20 20 20 20 20 20 20 20 20 20 4 12 12 12 12 12 12 12 12 12 12
12 12 12 12 4 20 21 20 20 20 20 20 20 21 20 4 4 30 31 31 31 12 12 12 12 12 12 12 12 12 12 12 12 12 12 12 12 20 16 4 20 21 4 12 12 12 12 12 12 12 12 12 12 21 30 20 16 21 16 12 12 12 12 12 12 12 12 16 20 20 16 16 12 12 20 20 16 20 20 16 16 16 16 20 12 20 20 20 4 4 20 12 12 12 12 12 12 12 20 20 20 4 20 0 16 16 16 16 20 4 20 20 16 16 16 20 20 4 12 12 12 12 12 12 12 12 12 12
12 12 12 12 4 21 16 21 21 16 21 21 5 5 5 5 5 4 5 26 12 12 12 12 12 12 12 12 12 12 12 12 12 12 12 12 12 16 18 16 16 21 16 12 12 12 12 12 12 12 12 12 12 16 21 20 16 4 20 12 12 12 12 12 12 12 12 20 4 20 16 12 12 16 20 20 4 20 20 4 20 16 0 12 12 12 12 4 31 4 4 12 12 12 12 12 12 12 4 15 4 4 20 16 16 16 20 20 16 16 20 20 20 16 16 16 20 20 12 12 12 12 12 12 12 12 12 12
12 12 12 12 20 21 21 21 21 21 5 27 5 5 5 5 5 27 4 4 12 12 12 12 12 12 12 12 12 12 12 12 12 12 12 12 16 16 18 18 16 16 12 12 12 12 12 12 12 12 12 12 12 16 16 16 18 16 16 16 12 12 12 12 12 12 12 4 31 22 20 12 12 20 20 4 16 20 20 20 20 16 16 0 12 12 12 4 31 4 20 12 12 12 12 12 12 12 4 31 4 15 20 4 4 4 20 4 20 20 4 20 16 12 16 16 20 20 12 12 12 12 12 12 12 12 12 12
12 12 12 20 20 21 21 16 16 21 16 21 21 16 16 5 20 4 4 4 12 12 12 12 12 12 12 12 12 12 12 12 12 12 12 12 12 12 12 12 12 12 12 12 12 12 12 12 12 12 12 12 12 16 16 16 18 18 16 16 12 12 12 12 12 12 12 4 31 4 20 12 20 4 4 20 20 20 20 20 16 21 20 20 12 12 12 20 31 4 20 12 12 12 12 12 12 12 16 20 4 31 31 4 4 31 16 20 20 20 20 20 20 12 16 20 4 20 12 12 12 12 12 12 12 12 12 12
12 12 12 4 20 21 16 16 16 16 12 12 12 12 16 21 20 20 20 4 21 12 12 12 12 12 12 12 12 12 12 12 12 12 12 12 12 12 12 12 12 12 12 12 12 12 12 12 12 12 12 12 12 12 16 16 16 16 16 12 12 12 12 12 12 12 12 4 30 4 20 12 12 4 4 4 20 20 20 4 20 20 21 16 12 12 12 20 31 20 20 12 12 12 12 12 12 12 12 20 20 20 20 20 20 4 5 4 20 20 4 20 4 20 16 20 20 20 12 12 12 12 12 12 12 12 12 12
12 12 12 4 4 20 21 16 16 12 12 12 12 12 12 16 16 20 20 30 4 12 12 12 12 12 12 12 12 12 12 12 12 12 12 12 12 12 12 12 12 12 12 12 12 12 12 12 12 12 12 12 12 12 12 12 12 12 12 12 12 12 12 12 12 12 12 16 31 4 12 21 20 4 30 30 20 4 4 20 20 4 4 16 12 21 31 4 22 20 12 12 12 12 12 12 12 12 12 12 12 12 16 20 21 21 4 20 20 4 4 22 4 21 20 20 20 12 12 12 12 12 12 12 12 12 12 12
12 12 12 4 4 20 21 16 12 12 12 12 12 12 12 16 21 4 30 30 30 20 12 12 12 12 12 12 12 12 12 12 12 12 12 12 12 12 12 12 12 12 12 12 12 12 12 12 12 12 12 12 12 12 12 12 12 12 12 12 12 12 12 12 12 12 12 16 22 4 4 5 16 4 4 4 4 20 20 20 20 20 21 16 12 4 20 4 20 20 12 12 12 12 12 12 12 12 12 12 12 12 16 16 21 20 16 4 4 4 4 30 30 4 16 20 20 12 12 12 12 12 12 12 12 12 12 12
12 12 16 20 20 20 16 16 12 12 12 12 12 12 12 12 16 4 4 30 31 4 12 12 12 12 12 12 12 12 12 12 12 12 12 12 12 12 12 12 12 12 12 12 12 12 12 12 12 12 12 12 12 12 12 12 12 12 12 12 12 12 12 12 12 12 12 12 4 4 30 20 20 20 4 30 4 4 21 21 20 20 20 20 16 21 20 20 16 21 12 12 12 12 12 12 12 12 12 12 12 12 16 21 21 21 21 16 20 4 30 30 4 4 4 20 12 12 12 12 12 12 12 12 12 12 12 12
12 12 4 4 4 20 16 12 12 12 12 12 12 12 12 12 20 21 20 4 30 4 12 12 12 12 12 12 12 12 12 12 12 12 12 12 12 12 12 12 12 12 12 12 12 12 12 12 12 12 12 12 12 12 12 12 12 12 12 12 12 12 12 12 12 12 12 12 16 4 20 20 20 4 4 4 20 16 16 21 20 20 20 20 16 21 21 21 21 12 12 12 12 12 12 12 12 12 12 12 12 12 12 21 16 16 16 16 21 30 31 4 4 20 21 12 12 12 12 12 12 12 12 12 12 12 12 12
12 12 16 16 16 16 16 12 12 12 12 12 12 12 12 12 16 20 21 30 31 31 4 12 12 12 12 12 12 12 12 12 12 12 12 12 12 12 12 12 12 12 12 12 12 12 12 12 12 12 12 12 12 12 12 12 12 12 12 12 12 12 12 12 12 12 12 12 12 21 21 21 20 4 4 20 21 21 16 16 21 20 20 16 16 12 12 12 12 12 12 12 12 12 12 12 12 12 12 12 12 12 12 16 16 16 16 16 21 4 4 4 4 16 5 21 12 12 12 12 12 12 12 12 12 12 12 12
12 12 4 20 16 16 16 12 12 12 12 12 12 12 12 12 12 16 4 20 21 21 16 12 12 12 12 12 12 12 12 12 12 12 12 12 12 12 12 12 12 12 12 12 12 12 12 12 12 12 12 12 12 12 12 12 12 12 12 12 12 12 12 12 12 12 12 12 12 12 12 12 20 20 20 20 21 16 12 16 21 21 21 16 12 12 12 12 12 12 12 12 12 12 12 12 12 12 12 12 12 12 12 16 16 16 16 16 16 4 4 4 4 4 12 12 12 12 12 12 12 12 12 12 12 12 12 12
12 16 16 16 16 16 16 12 12 12 12 12 12 12 12 12 12 12 16 20 4 16 16 16 12 12 12 12 12 12 12 12 12 12 12 12 12 12 12 12 12 12 12 12 12 12 12 12 12 12 12 12 12 12 12 12 12 12 12 12 12 12 12 12 12 12 12 12 12 12 12 12 21 20 20 20 21 16 12 16 16 16 16 16 12 12 12 12 12 12 12 12 12 12 12 12 12 12 12 12 12 12 12 12 21 16 16 16 16 20 4 4 4 20 12 12 12 12 12 12 12 12 12 12 12 12 12 12
12 16 16 16 16 16 16 12 12 12 12 12 12 12 12 12 12 12 16 21 16 16 16 20 12 12 12 12 12 12 12 12 12 12 12 12 12 12 12 12 12 12 12 12 12 12 12 12 12 12 12 12 12 12 12 12 12 12 12 12 12 12 12 12 12 12 12 12 12 12 12 12 16 20 20 21 21 12 16 21 20 20 20 20 12 12 12 12 12 12 12 12 12 12 12 12 12 12 12 12 12 12 12 12 16 16 16 16 16 20 20 4 20 20 12 12 12 12 12 12 12 12 12 12 12 12 12 12
12 12 12 12 12 12 12 12 12 12 12 12 12 12 12 12 12 12 16 16 16 16 16 16 12 12 12 12 12 12 12 12 12 12 12 12 12 12 12 12 12 12 12 12 12 12 12 12 12 12 12 12 12 12 12 12 12 12 12 12 12 12 12 12 12 12 12 12 12 12 12 16 4 4 21 4 21 12 16 20 4 30 30 4 20 12 12 12 12 12 12 12 12 12 12 12 12 12 12 12 12 12 12 12 4 21 20 16 20 16 20 21 4 21 12 12 12 12 12 12 12 12 12 12 12 12 12 12
12 12 12 12 12 12 12 12 12 12 12 12 12 12 12 12 12 12 12 16 16 16 16 16 12 12 12 12 12 12 12 12 12 12 12 12 12 12 12 12 12 12 12 12 12 12 12 12 12 12 12 12 12 12 12 12 12 12 12 12 12 12 12 12 12 12 12 12 12 12 12 4 30 30 30 4 20 12 12 20 4 30 30 4 20 12 12 12 12 12 12 12 12 12 12 12 12 12 12 12 12 12 12 20 20 20 20 16 16 21 4 20 31 20 12 12 12 12 12 12 12 12 12 12 12 12 12 12
12 12 12 12 12 12 12 12 12 12 12 12 12 12 12 12 12 12 12 12 12 12 12 12 12 12 12 12 12 12 12 12 12 12 12 12 12 12 12 12 12 12 12 12 12 12 12 12 12 12 12 12 12 12 12 12 12 12 12 12 12 12 12 12 12 12 12 12 12 12 12 20 4 30 4 4 20 12 12 16 4 20 30 4 12 12 12 12 12 12 12 12 12 12 12 12 12 12 12 12 12 12 12 21 20 4 20 16 21 4 4 30 4 20 12 12 12 12 12 12 12 12 12 12 12 12 12 12
12 12 12 12 12 12 12 12 12 12 12 12 12 12 12 12 12 12 12 12 12 12 12 12 12 12 12 12 12 12 12 12 12 12 12 12 12 12 12 12 12 12 12 12 12 12 12 12 12 12 12 12 12 12 12 12 12 12 12 12 12 12 12 12 12 12 12 12 12 12 12 16 4 30 4 4 16 12 12 16 4 4 4 4 4 12 12 12 12 12 12 12 12 12 12 12 12 12 12 12 12 12 12 12 21 20 21 16 20 4 4 31 30 4 12 12 12 12 12 12 12 12 12 12 12 12 12 12
12 12 12 12 12 12 12 12 21 5 31 12 12 4 4 12 31 4 5 12 12 12 12 12 12 12 12 12 12 12 12 12 12 12 12 12 12 12 12 12 12 12 12 12 12 12 12 12 12 12 12 12 12 12 12 12 12 12 12 12 12 12 12 12 12 12 12 12 12 12 12 12 30 31 30 4 16 12 12 12 20 20 4 30 4 12 12 12 12 12 12 12 12 12 12 12 12 12 12 12 12 12 12 4 4 16 4 16 21 4 4 31 30 20 12 12 12 12 12 12 12 12 12 12 12 12 12 12
12 12 12 12 12 12 12 16 29 21 4 31 22 31 31 31 22 21 5 21 12 12 12 12 12 12 12 12 12 12 12 12 12 12 12 12 12 12 12 12 12 12 12 12 12 12 12 12 12 12 12 12 12 12 12 12 12 12 12 12 12 12 12 12 12 12 12 12 12 12 12 16 4 20 20 4 12 12 12 12 20 16 16 21 16 4 12 12 12 12 12 12 12 12 12 12 12 12 12 12 12 12 12 21 20 16 20 21 16 16 30 30 30 21 12 12 12 12 12 12 12 12 12 12 12 12 12 12
12 12 12 12 12 12 12 12 21 16 20 20 20 22 22 4 20 16 5 16 12 12 12 12 12 12 12 12 12 12 12 12 12 12 12 12 12 12 12 12 12 12 12 12 12 12 12 12 12 12 12 12 12 12 12 12 12 12 12 12 12 12 12 12 12 12 12 12 12 12 12 21 20 16 20 4 16 12 12 12 21 16 21 5 21 16 12 12 12 12 12 12 12 12 12 12 12 12 12 12 12 12 12 16 16 16 16 16 12 20 4 21 4 20 12 12 12 12 12 12 12 12 12 12 12 12 12 12
12 12 12 12 12 12 12 12 12 12 4 20 31 31 31 31 20 12 12 12 12 12 12 12 12 12 12 12 12 12 12 12 12 12 12 12 12 12 12 12 12 12 12 12 12 12 12 12 12 12 12 12 12 12 12 12 12 12 12 12 12 12 12 12 12 12 12 12 12 12 12 16 16 21 16 16 16 12 12 12 16 16 16 16 16 16 12 12 12 12 12 12 12 12 12 12 12 12 12 12 12 12 12 16 16 16 16 16 12 16 4 4 4 16 12 12 12 12 12 12 12 12 12 12 12 12 12 12
12 12 12 12 12 12 12 12 12 12 12 4 20 20 20 16 22 12 12 12 12 12 12 12 12 12 12 12 12 12 12 12 12 12 12 12 12 12 12 12 12 12 12 12 12 12 12 12 12 12 12 12 12 12 12 12 12 12 12 12 12 12 12 12 12 12 12 12 12 12 12 16 21 21 16 16 16 12 12 12 12 12 12 12 12 12 12 12 12 12 12 12 12 12 12 12 12 12 12 12 12 12 12 16 16 16 16 16 12 20 20 18 20 20 12 12 12 12 12 12 12 12 12 12 12 12 12 12
12 12 12 12 12 12 12 12 12 12 20 31 4 22 22 20 31 4 12 12 12 12 12 12 12 12 12 12 12 12 12 12 12 12 12 12 12 12 12 12 12 12 12 12 12 12 12 12 12 12 12 12 12 12 12 12 12 12 12 12 12 12 12 12 12 12 12 12 12 12 12 16 16 16 16 16 12 12 12 12 12 12 12 12 12 12 12 12 12 12 12 12 12 12 12 12 12 12 12 12 12 12 12 12 12 12 12 12 12 16 16 21 16 16 12 12 12 12 12 12 12 12 12 12 12 12 12 12
12 12 12 12 12 12 12 12 12 4 16 20 31 4 4 31 20 16 4 12 12 12 12 12 12 12 12 12 12 12 12 12 12 12 12 12 12 12 12 12 12 12 12 12 12 12 12 12 12 12 12 12 12 12 12 12 12 12 12 12 12 12 12 12 12 12 12 12 12 12 12 12 12 12 12 12 12 12 12 12 12 12 12 12 12 12 12 12 12 12 12 12 12 12 12 12 12 12 12 12 12 12 12 12 12 12 12 12 12 16 21 5 21 16 12 12 12 12 12 12 12 12 12 12 12 12 12 12
12 12 12 12 12 12 4 4 4 16 16 20 31 4 20 31 20 20 20 30 4 12 12 12 12 12 12 12 12 12 12 12 12 12 12 12 12 12 12 12 12 12 12 12 12 12 12 12 12 12 12 12 12 12 12 12 12 12 12 12 12 12 12 12 12 12 12 12 12 12 12 12 12 12 12 12 12 12 12 12 12 12 12 12 12 12 12 12 12 12 12 12 12 12 12 12 12 12 12 12 12 12 12 12 12 12 12 12 12 12 12 12 12 12 12 12 12 12 12 12 12 12 12 12 12 12 12 12
12 12 12 12 12 4 4 22 4 20 4 16 20 21 18 4 4 4 4 31 22 4 12 12 12 12 12 12 12 12 12 12 12 12 12 12 12 12 12 12 12 12 12 12 12 12 12 12 12 12 12 12 12 12 12 12 12 12 12 12 12 12 12 12 12 12 12 12 12 12 12 12 12 12 12 12 12 12 12 12 12 12 12 12 12 12 12 12 12 12 12 12 12 12 12 12 12 12 12 12 12 12 12 12 12 12 12 12 12 12 12 12 12 12 12 12 12 12 12 12 12 12 12 12 12 12 12 12
12 12 12 12 20 16 4 4 20 4 4 4 4 20 20 4 4 4 4 4 4 20 20 12 12 12 12 12 12 12 12 12 12 12 12 12 12 12 12 12 12 12 12 12 12 12 12 12 12 12 12 12 12 12 12 12 12 12 12 12 12 12 12 12 12 12 12 12 12 12 12 12 12 12 12 12 12 12 12 12 12 12 12 12 12 12 12 12 12 12 12 12 12 12 12 12 12 12 12 12 12 12 12 12 12 12 12 12 12 12 12 12 12 12 12 12 12 12 12 12 12 12 12 12 12 12 12 12
12 12 12 12 20 16 16 20 20 20 4 4 4 20 16 4 4 4 4 20 20 20 16 12 12 12 12 12 12 12 12 12 12 12 12 12 12 12 12 12 12 12 12 12 12 12 12 12 12 12 12 12 12 12 12 12 12 12 12 12 12 12 12 12 12 12 12 12 12 12 12 12 12 12 12 12 12 12 12 12 12 12 12 12 12 12 12 12 12 12 12 12 12 12 12 12 12 12 12 12 12 12 12 12 12 12 12 12 12 12 12 12 12 12 12 12 12 12 12 12 12 12 12 12 12 12 12 12
12 12 12 20 20 30 20 16 20 20 20 20 20 20 20 20 20 20 20 20 20 20 20 12 12 12 12 12 12 12 12 12 12 12 12 12 12 12 12 12 12 12 12 12 12 12 12 12 12 12 12 12 12 12 12 12 12 12 12 12 12 12 12 12 12 12 12 12 12 12 12 12 12 12 12 12 12 12 12 12 12 12 12 12 12 12 12 12 12 12 12 12 12 12 12 12 12 12 12 12 12 12 12 12 12 12 12 12 12 12 12 12 12 12 12 12 12 12 12 12 12 12 12 12 12 12 12 12
12 12 12 20 20 20 20 16 20 16 20 20 20 20 20 20 20 20 20 16 20 4 4 4 12 12 12 12 12 12 12 12 12 12 12 12 12 12 12 12 12 12 12 12 12 12 12 12 12 12 12 12 12 12 12 12 12 12 12 12 12 12 12 12 12 12 12 12 12 12 12 12 12 12 12 12 12 12 12 12 12 12 12 12 12 12 12 12 12 12 12 12 12 12 12 12 12 12 12 12 12 12 12 12 12 12 12 12 12 12 12 12 12 12 12 12 12 12 12 12 12 12 12 12 12 12 12 12
12 12 20 20 20 20 20 16 16 20 16 16 20 20 20 20 20 16 16 16 16 20 20 4 12 12 12 12 12 12 12 12 12 12 12 12 12 12 12 12 12 12 12 12 12 12 12 12 12 12 12 12 12 12 12 12 12 12 12 12 12 12 12 12 12 12 12 12 12 12 12 12 12 12 12 12 12 12 12 12 12 12 12 12 12 12 12 12 12 12 12 12 12 12 12 12 12 12 12 12 12 12 12 12 12 12 12 12 12 12 12 12 12 12 12 12 12 12 12 12 12 12 12 12 12 12 12 12
12 20 4 4 20 20 20 12 20 16 16 16 16 20 20 16 20 20 12 12 16 16 20 20 16 12 12 12 12 12 12 12 12 12 12 12 12 12 12 12 12 12 12 12 12 12 12 12 12 12 12 12 12 12 12 12 12 12 12 12 12 12 12 12 12 12 12 12 12 12 12 12 12 12 12 12 12 12 12 12 12 12 12 12 12 12 12 12 12 12 12 12 12 12 12 12 12 12 12 12 12 12 12 12 12 12 12 12 12 12 12 12 12 12 12 12 12 12 12 12 12 12 12 12 12 12 12 12
12 4 4 31 4 12 12 12 12 0 16 20 4 20 20 4 20 20 16 12 12 16 20 4 20 12 12 12 12 12 12 12 12 12 12 12 12 12 12 12 12 12 12 12 12 12 12 12 12 12 12 12 12 12 12 12 12 12 12 12 12 12 12 12 12 12 12 12 12 12 12 12 12 12 12 12 12 12 12 12 12 12 12 12 12 12 12 12 12 12 12 12 12 12 12 12 12 12 12 12 12 12 12 12 12 12 12 12 12 12 12 12 12 12 12 12 12 12 12 12 12 12 12 12 12 12 12 12
12 20 4 31 4 12 12 12 0 16 16 20 20 20 20 16 4 20 20 12 12 20 22 31 4 12 12 12 12 12 12 12 12 12 12 12 12 12 12 12 12 12 12 12 12 12 12 12 12 12 12 12 12 12 12 12 12 12 12 12 12 12 12 12 12 12 12 12 12 12 12 12 12 12 12 12 12 12 12 12 12 12 12 12 12 12 12 12 12 12 12 12 12 12 12 12 12 12 12 12 12 12 12 12 12 12 12 12 12 12 12 12 12 12 12 12 12 12 12 12 12 12 12 12 12 12 12 12
12 20 4 31 20 12 12 12 20 20 21 16 20 20 20 20 20 4 4 20 12 20 4 31 4 12 12 12 12 12 12 12 12 12 12 12 12 12 12 12 12 12 12 12 12 12 12 12 12 12 12 12 12 12 12 12 12 12 12 12 12 12 12 12 12 12 12 12 12 12 12 12 12 12 12 12 12 12 12 12 12 12 12 12 12 12 12 12 12 12 12 12 12 12 12 12 12 12 12 12 12 12 12 12 12 12 12 12 12 12 12 12 12 12 12 12 12 12 12 12 12 12 12 12 12 12 12 12
12 20 20 31 20 12 12 12 16 21 20 20 4 20 20 20 4 4 4 12 12 20 4 30 4 12 12 12 12 12 12 12 12 12 12 12 12 12 12 12 12 12 12 12 12 12 12 12 12 12 12 12 12 12 12 12 12 12 12 12 12 12 12 12 12 12 12 12 12 12 12 12 12 12 12 12 12 12 12 12 12 12 12 12 12 12 12 12 12 12 12 12 12 12 12 12 12 12 12 12 12 12 12 12 12 12 12 12 12 12 12 12 12 12 12 12 12 12 12 12 12 12 12 12 12 12 12 12
12 12 20 22 4 31 21 12 16 4 4 20 20 4 4 20 30 30 4 20 21 12 4 31 16 12 12 12 12 12 12 12 12 12 12 12 12 12 12 12 12 12 12 12 12 12 12 12 12 12 12 12 12 12 12 12 12 12 12 12 12 12 12 12 12 12 12 12 12 12 12 12 12 12 12 12 12 12 12 12 12 12 12 12 12 12 12 12 12 12 12 12 12 12 12 12 12 12 12 12 12 12 12 12 12 12 12 12 12 12 12 12 12 12 12 12 12 12 12 12 12 12 12 12 12 12 12 12
12 12 20 20 4 20 4 12 16 21 20 20 20 20 20 4 4 4 4 16 5 4 4 22 16 12 12 12 12 12 12 12 12 12 12 12 12 12 12 12 12 12 12 12 12 12 12 12 12 12 12 12 12 12 12 12 12 12 12 12 12 12 12 12 12 12 12 12 12 12 12 12 12 12 12 12 12 12 12 12 12 12 12 12 12 12 12 12 12 12 12 12 12 12 12 12 12 12 12 12 12 12 12 12 12 12 12 12 12 12 12 12 12 12 12 12 12 12 12 12 12 12 12 12 12 12 12 12
12 12 21 16 20 20 21 16 20 20 20 20 21 21 4 4 30 4 20 20 20 30 4 4 12 12 12 12 12 12 12 12 12 12 12 12 12 12 12 12 12 12 12 12 12 12 12 12 12 12 12 12 12 12 12 12 12 12 12 12 12 12 12 12 12 12 12 12 12 12 12 12 12 12 12 12 12 12 12 12 12 12 12 12 12 12 12 12 12 12 12 12 12 12 12 12 12 12 12 12 12 12 12 12 12 12 12 12 12 12 12 12 12 12 12 12 12 12 12 12 12 12 12 12 12 12 12 12
12 12 12 21 21 21 21 16 20 20 20 20 21 16 16 20 4 4 4 20 20 20 4 16 12 12 12 12 12 12 12 12 12 12 12 12 12 12 12 12 12 12 12 12 12 12 12 12 12 12 12 12 12 12 12 12 12 12 12 12 12 12 12 12 12 12 12 12 12 12 12 12 12 12 12 12 12 12 12 12 12 12 12 12 12 12 12 12 12 12 12 12 12 12 12 12 12 12 12 12 12 12 12 12 12 12 12 12 12 12 12 12 12 12 12 12 12 12 12 12 12 12 12 12 12 12 12 12
12 12 12 12 12 12 12 16 16 20 20 21 16 16 21 21 20 4 4 20 21 21 21 12 12 12 12 12 12 12 12 12 12 12 12 12 12 12 12 12 12 12 12 12 12 12 12 12 12 12 12 12 12 12 12 12 12 12 12 12 12 12 12 12 12 12 12 12 12 12 12 12 12 12 12 12 12 12 12 12 12 12 12 12 12 12 12 12 12 12 12 12 12 12 12 12 12 12 12 12 12 12 12 12 12 12 12 12 12 12 12 12 12 12 12 12 12 12 12 12 12 12 12 12 12 12 12 12
12 12 12 12 12 12 12 12 16 21 21 21 16 12 16 21 20 20 20 20 12 12 12 12 12 12 12 12 12 12 12 12 12 12 12 12 12 12 12 12 12 12 12 12 12 12 12 12 12 12 12 12 12 12 12 12 12 12 12 12 12 12 12 12 12 12 12 12 12 12 12 12 12 12 12 12 12 12 12 12 12 12 12 12 12 12 12 12 12 12 12 12 12 12 12 12 12 12 12 12 12 12 12 12 12 12 12 12 12 12 12 12 12 12 12 12 12 12 12 12 12 12 12 12 12 12 12 12
12 12 12 12 12 12 12 12 16 16 16 16 16 12 16 21 20 20 20 21 12 12 12 12 12 12 12 12 12 12 12 12 12 12 12 12 12 12 12 12 12 12 12 12 12 12 12 12 12 12 12 12 12 12 12 12 12 12 12 12 12 12 12 12 12 12 12 12 12 12 12 12 12 12 12 12 12 12 12 12 12 12 12 12 12 12 12 12 12 12 12 12 12 12 12 12 12 12 12 12 12 12 12 12 12 12 12 12 12 12 12 12 12 12 12 12 12 12 12 12 12 12 12 12 12 12 12 12
12 12 12 12 12 12 12 12 20 20 20 20 21 16 12 21 21 20 20 16 12 12 12 12 12 12 12 12 12 12 12 12 12 12 12 12 12 12 12 12 12 12 12 12 12 12 12 12 12 12 12 12 12 12 12 12 12 12 12 12 12 12 12 12 12 12 12 12 12 12 12 12 12 12 12 12 12 12 12 12 12 12 12 12 12 12 12 12 12 12 12 12 12 12 12 12 12 12 12 12 12 12 12 12 12 12 12 12 12 12 12 12 12 12 12 12 12 12 12 12 12 12 12 12 12 12 12 12
12 12 12 12 12 12 12 20 4 30 30 4 20 16 12 21 4 21 4 4 16 12 12 12 12 12 12 12 12 12 12 12 12 12 12 12 12 12 12 12 12 12 12 12 12 12 12 12 12 12 12 12 12 12 12 12 12 12 12 12 12 12 12 12 12 12 12 12 12 12 12 12 12 12 12 12 12 12 12 12 12 12 12 12 12 12 12 12 12 12 12 12 12 12 12 12 12 12 12 12 12 12 12 12 12 12 12 12 12 12 12 12 12 12 12 12 12 12 12 12 12 12 12 12 12 12 12 12
12 12 12 12 12 12 12 20 4 30 30 4 20 12 12 20 4 30 30 30 4 12 12 12 12 12 12 12 12 12 12 12 12 12 12 12 12 12 12 12 12 12 12 12 12 12 12 12 12 12 12 12 12 12 12 12 12 12 12 12 12 12 12 12 12 12 12 12 12 12 12 12 12 12 12 12 12 12 12 12 12 12 12 12 12 12 12 12 12 12 12 12 12 12 12 12 12 12 12 12 12 12 12 12 12 12 12 12 12 12 12 12 12 12 12 12 12 12 12 12 12 12 12 12 12 12 12 12
12 12 12 12 12 12 12 12 4 30 20 4 16 12 12 20 4 4 30 4 20 12 12 12 12 12 12 12 12 12 12 12 12 12 12 12 12 12 12 12 12 12 12 12 12 12 12 12 12 12 12 12 12 12 12 12 12 12 12 12 12 12 12 12 12 12 12 12 12 12 12 12 12 12 12 12 12 12 12 12 12 12 12 12 12 12 12 12 12 12 12 12 12 12 12 12 12 12 12 12 12 12 12 12 12 12 12 12 12 12 12 12 12 12 12 12 12 12 12 12 12 12 12 12 12 12 12 12
12 12 12 12 12 12 12 4 4 4 4 4 16 12 12 16 4 4 30 4 16 12 12 12 12 12 12 12 12 12 12 12 12 12 12 12 12 12 12 12 12 12 12 12 12 12 12 12 12 12 12 12 12 12 12 12 12 12 12 12 12 12 12 12 12 12 12 12 12 12 12 12 12 12 12 12 12 12 12 12 12 12 12 12 12 12 12 12 12 12 12 12 12 12 12 12 12 12 12 12 12 12 12 12 12 12 12 12 12 12 12 12 12 12 12 12 12 12 12 12 12 12 12 12 12 12 12 12
12 12 12 12 12 12 12 4 30 4 20 20 12 12 12 16 4 30 31 30 12 12 12 12 12 12 12 12 12 12 12 12 12 12 12 12 12 12 12 12 12 12 12 12 12 12 12 12 12 12 12 12 12 12 12 12 12 12 12 12 12 12 12 12 12 12 12 12 12 12 12 12 12 12 12 12 12 12 12 12 12 12 12 12 12 12 12 12 12 12 12 12 12 12 12 12 12 12 12 12 12 12 12 12 12 12 12 12 12 12 12 12 12 12 12 12 12 12 12 12 12 12 12 12 12 12 12 12
12 12 12 12 12 12 4 16 21 16 16 20 12 12 12 12 4 20 20 4 16 12 12 12 12 12 12 12 12 12 12 12 12 12 12 12 12 12 12 12 12 12 12 12 12 12 12 12 12 12 12 12 12 12 12 12 12 12 12 12 12 12 12 12 12 12 12 12 12 12 12 12 12 12 12 12 12 12 12 12 12 12 12 12 12 12 12 12 12 12 12 12 12 12 12 12 12 12 12 12 12 12 12 12 12 12 12 12 12 12 12 12 12 12 12 12 12 12 12 12 12 12 12 12 12 12 12 12
12 12 12 12 12 12 16 21 5 21 16 21 12 12 12 16 4 20 16 20 21 12 12 12 12 12 12 12 12 12 12 12 12 12 12 12 12 12 12 12 12 12 12 12 12 12 12 12 12 12 12 12 12 12 12 12 12 12 12 12 12 12 12 12 12 12 12 12 12 12 12 12 12 12 12 12 12 12 12 12 12 12 12 12 12 12 12 12 12 12 12 12 12 12 12 12 12 12 12 12 12 12 12 12 12 12 12 12 12 12 12 12 12 12 12 12 12 12 12 12 12 12 12 12 12 12 12 12
12 12 12 12 12 12 16 16 16 16 16 16 12 12 12 16 16 16 21 16 16 12 12 12 12 12 12 12 12 12 12 12 12 12 12 12 12 12 12 12 12 12 12 12 12 12 12 12 12 12 12 12 12 12 12 12 12 12 12 12 12 12 12 12 12 12 12 12 12 12 12 12 12 12 12 12 12 12 12 12 12 12 12 12 12 12 12 12 12 12 12 12 12 12 12 12 12 12 12 12 12 12 12 12 12 12 12 12 12 12 12 12 12 12 12 12 12 12 12 12 12 12 12 12 12 12 12 12
12 12 12 12 12 12 12 12 12 12 12 12 12 12 12 16 16 16 21 21 16 12 12 12 12 12 12 12 12 12 12 12 12 12 12 12 12 12 12 12 12 12 12 12 12 12 12 12 12 12 12 12 12 12 12 12 12 12 12 12 12 12 12 12 12 12 12 12 12 12 12 12 12 12 12 12 12 12 12 12 12 12 12 12 12 12 12 12 12 12 12 12 12 12 12 12 12 12 12 12 12 12 12 12 12 12 12 12 12 12 12 12 12 12 12 12 12 12 12 12 12 12 12 12 12 12 12 12
12 12 12 12 12 12 12 12 12 12 12 12 12 12 12 12 16 16 16 16 16 12 12 12 12 12 12 12 12 12 12 12 12 12 12 12 12 12 12 12 12 12 12 12 12 12 12 12 12 12 12 12 12 12 12 12 12 12 12 12 12 12 12 12 12 12 12 12 12 12 12 12 12 12 12 12 12 12 12 12 12 12 12 12 12 12 12 12 12 12 12 12 12 12 12 12 12 12 12 12 12 12 12 12 12 12 12 12 12 12 12 12 12 12 12 12 12 12 12 12 12 12 12 12 12 12 12 12
12 12 12 12 12 12 12 12 12 12 12 12 12 12 12 12 12 12 12 12 12 12 12 12 12 12 12 12 12 12 12 12 12 12 12 12 12 12 12 12 12 12 12 12 12 12 12 12 12 12 12 12 12 12 12 12 12 12 12 12 12 12 12 12 12 12 12 12 12 12 12 12 12 12 12 12 12 12 12 12 12 12 12 12 12 12 12 12 12 12 12 12 12 12 12 12 12 12 12 12 12 12 12 12 12 12 12 12 12 12 12 12 12 12 12 12 12 12 12 12 12 12 12 12 12 12 12 12
12 12 12 12 12 12 12 12 12 12 12 12 12 12 12 12 12 12 12 12 12 12 12 12 12 12 12 12 12 12 12 12 12 12 12 12 12 12 12 12 12 12 12 12 12 12 12 12 12 12 12 12 12 12 12 12 12 12 12 12 12 12 12 12 12 12 12 12 12 12 12 12 12 12 12 12 12 12 12 12 12 12 12 12 12 12 12 12 12 12 12 12 12 12 12 12 12 12 12 12 12 12 12 12 12 12 12 12 12 12 12 12 12 12 12 12 12 12 12 12 12 12 12 12 12 12 12 12
12 12 12 12 12 12 12 12 12 12 12 12 12 12 12 12 12 12 12 12 12 12 12 12 12 12 12 12 12 12 12 12 12 12 12 12 12 12 12 12 12 12 12 12 12 12 12 12 12 12 12 12 12 12 12 12 12 12 12 12 12 12 12 12 12 12 12 12 12 12 12 12 12 12 12 12 12 12 12 12 12 12 12 12 12 12 12 12 12 12 12 12 12 12 12 12 12 12 12 12 12 12 12 12 12 12 12 12 12 12 12 12 12 12 12 12 12 12 12 12 12 12 12 12 12 12 12 12
12 12 12 12 12 12 12 12 12 12 12 12 12 12 12 12 12 12 12 12 12 12 12 12 12 12 12 12 12 12 12 12 12 12 12 12 12 12 12 12 12 12 12 12 12 12 12 12 12 12 12 12 12 12 12 12 12 12 12 12 12 12 12 12 12 12 12 12 12 12 12 12 12 12 12 12 12 12 12 12 12 12 12 12 12 12 12 12 12 12 12 12 12 12 12 12 12 12 12 12 12 12 12 12 12 12 12 12 12 12 12 12 12 12 12 12 12 12 12 12 12 12 12 12 12 12 12 12
12 12 12 12 12 12 12 12 12 12 12 12 12 12 12 12 12 12 12 12 12 12 12 12 12 12 12 12 12 12 12 12 12 12 12 12 12 12 12 12 12 12 12 12 12 12 12 12 12 12 12 12 12 12 12 12 12 12 12 12 12 12 12 12 12 12 12 12 12 12 12 12 12 12 12 12 12 12 12 12 12 12 12 12 12 12 12 12 12 12 12 12 12 12 12 12 12 12 12 12 12 12 12 12 12 12 12 12 12 12 12 12 12 12 12 12 12 12 12 12 12 12 12 12 12 12 12 12
12 12 12 12 12 12 12 12 12 12 12 12 12 12 12 12 12 12 12 12 12 12 12 12 12 12 12 12 12 12 12 12 12 12 12 12 12 12 12 12 12 12 12 12 12 12 12 12 12 12 12 12 12 12 12 12 12 12 12 12 12 12 12 12 12 12 12 12 12 12 12 12 12 12 12 12 12 12 12 12 12 12 12 12 12 12 12 12 12 12 12 12 12 12 12 12 12 12 12 12 12 12 12 12 12 12 12 12 12 12 12 12 12 12 12 12 12 12 12 12 12 12 12 12 12 12 12 12
12 12 12 12 12 12 12 12 12 12 12 12 12 12 12 12 12 12 12 12 12 12 12 12 12 12 12 12 12 12 12 12 12 12 12 12 12 12 12 12 12 12 12 12 12 12 12 12 12 12 12 12 12 12 12 12 12 12 12 12 12 12 12 12 12 12 12 12 12 12 12 12 12 12 12 12 12 12 12 12 12 12 12 12 12 12 12 12 12 12 12 12 12 12 12 12 12 12 12 12 12 12 12 12 12 12 12 12 12 12 12 12 12 12 12 12 12 12 12 12 12 12 12 12 12 12 12 12
12 12 12 12 12 12 12 12 12 12 12 12 12 12 12 12 12 12 12 12 12 12 12 12 12 12 12 12 12 12 12 12 12 12 12 12 12 12 12 12 12 12 12 12 12 12 12 12 12 12 12 12 12 12 12 12 12 12 12 12 12 12 12 12 12 12 12 12 12 12 12 12 12 12 12 12 12 12 12 12 12 12 12 12 12 12 12 12 12 12 12 12 12 12 12 12 12 12 12 12 12 12 12 12 12 12 12 12 12 12 12 12 12 12 12 12 12 12 12 12 12 12 12 12 12 12 12 12
12 12 12 12 12 12 12 12 12 12 12 12 12 12 12 12 12 12 12 12 12 12 12 12 12 12 12 12 12 12 12 12 12 12 12 12 12 12 12 12 12 12 12 12 12 12 12 12 12 12 12 12 12 12 12 12 12 12 12 12 12 12 12 12 12 12 12 12 12 12 12 12 12 12 12 12 12 12 12 12 12 12 12 12 12 12 12 12 12 12 12 12 12 12 12 12 12 12 12 12 12 12 12 12 12 12 12 12 12 12 12 12 12 12 12 12 12 12 12 12 12 12 12 12 12 12 12 12
12 12 12 12 12 12 12 12 12 12 12 12 12 12 12 12 12 12 12 12 12 12 12 12 12 12 12 12 12 12 12 12 12 12 12 12 12 12 12 12 12 12 12 12 12 12 12 12 12 12 12 12 12 12 12 12 12 12 12 12 12 12 12 12 12 12 12 12 12 12 12 12 12 12 12 12 12 12 12 12 12 12 12 12 12 12 12 12 12 12 12 12 12 12 12 12 12 12 12 12 12 12 12 12 12 12 12 12 12 12 12 12 12 12 12 12 12 12 12 12 12 12 12 12 12 12 12 12
12 12 12 12 12 12 12 12 12 12 12 12 12 12 12 12 12 12 12 12 12 12 12 12 12 12 12 12 12 12 12 12 12 12 12 12 12 12 12 12 12 12 12 12 12 12 12 12 12 12 12 12 12 12 12 12 12 12 12 12 12 12 12 12 12 12 12 12 12 12 12 12 12 12 12 12 12 12 12 12 12 12 12 12 12 12 12 12 12 12 12 12 12 12 12 12 12 12 12 12 12 12 12 12 12 12 12 12 12 12 12 12 12 12 12 12 12 12 12 12 12 12 12 12 12 12 12 12
12 12 12 12 12 12 12 12 12 12 12 12 12 12 12 12 12 12 12 12 12 12 12 12 12 12 12 12 12 12 12 12 12 12 12 12 12 12 12 12 12 12 12 12 12 12 12 12 12 12 12 12 12 12 12 12 12 12 12 12 12 12 12 12 12 12 12 12 12 12 12 12 12 12 12 12 12 12 12 12 12 12 12 12 12 12 12 12 12 12 12 12 12 12 12 12 12 12 12 12 12 12 12 12 12 12 12 12 12 12 12 12 12 12 12 12 12 12 12 12 12 12 12 12 12 12 12 12
12 12 12 12 12 12 12 12 12 12 12 12 12 12 12 12 12 12 12 12 12 12 12 12 12 12 12 12 12 12 12 12 12 12 12 12 12 12 12 12 12 12 12 12 12 12 12 12 12 12 12 12 12 12 12 12 12 12 12 12 12 12 12 12 12 12 12 12 12 12 12 12 12 12 12 12 12 12 12 12 12 12 12 12 12 12 12 12 12 12 12 12 12 12 12 12 12 12 12 12 12 12 12 12 12 12 12 12 12 12 12 12 12 12 12 12 12 12 12 12 12 12 12 12 12 12 12 12
12 12 12 12 12 12 12 12 12 12 12 12 12 12 12 12 12 12 12 12 12 12 12 12 12 12 12 12 12 12 12 12 12 12 12 12 12 12 12 12 12 12 12 12 12 12 12 12 12 12 12 12 12 12 12 12 12 12 12 12 12 12 12 12 12 12 12 12 12 12 12 12 12 12 12 12 12 12 12 12 12 12 12 12 12 12 12 12 12 12 12 12 12 12 12 12 12 12 12 12 12 12 12 12 12 12 12 12 12 12 12 12 12 12 12 12 12 12 12 12 12 12 12 12 12 12 12 12
12 12 12 12 12 12 12 12 12 12 12 12 12 12 12 12 12 12 12 12 12 12 12 12 12 12 12 12 12 12 12 12 12 12 12 12 12 12 12 12 12 12 12 12 12 12 12 12 12 12 12 12 12 12 12 12 12 12 12 12 12 12 12 12 12 12 12 12 12 12 12 12 12 12 12 12 12 12 12 12 12 12 12 12 12 12 12 12 12 12 12 12 12 12 12 12 12 12 12 12 12 12 12 12 12 12 12 12 12 12 12 12 12 12 12 12 12 12 12 12 12 12 12 12 12 12 12 12
12 12 12 12 12 12 12 12 12 12 12 12 12 12 12 12 12 12 12 12 12 12 12 12 12 12 12 12 12 12 12 12 12 12 12 12 12 12 12 12 12 12 12 12 12 12 12 12 12 12 12 12 12 12 12 12 12 12 12 12 12 12 12 12 12 12 12 12 12 12 12 12 12 12 12 12 12 12 12 12 12 12 12 12 12 12 12 12 12 12 12 12 12 12 12 12 12 12 12 12 12 12 12 12 12 12 12 12 12 12 12 12 12 12 12 12 12 12 12 12 12 12 12 12 12 12 12 12
12 12 12 12 12 12 12 12 12 12 12 12 12 12 12 12 12 12 12 12 12 12 12 12 12 12 12 12 12 12 12 12 12 12 12 12 12 12 12 12 12 12 12 12 12 12 12 12 12 12 12 12 12 12 12 12 12 12 12 12 12 12 12 12 12 12 12 12 12 12 12 12 12 12 12 12 12 12 12 12 12 12 12 12 12 12 12 12 12 12 12 12 12 12 12 12 12 12 12 12 12 12 12 12 12 12 12 12 12 12 12 12 12 12 12 12 12 12 12 12 12 12 12 12 12 12 12 12
12 12 12 12 12 12 12 12 12 12 12 12 12 12 12 12 12 12 12 12 12 12 12 12 12 12 12 12 12 12 12 12 12 12 12 12 12 12 12 12 12 12 12 12 12 12 12 12 12 12 12 12 12 12 12 12 12 12 12 12 12 12 12 12 12 12 12 12 12 12 12 12 12 12 12 12 12 12 12 12 12 12 12 12 12 12 12 12 12 12 12 12 12 12 12 12 12 12 12 12 12 12 12 12 12 12 12 12 12 12 12 12 12 12 12 12 12 12 12 12 12 12 12 12 12 12 12 12
12 12 12 12 12 12 12 12 12 12 12 12 12 12 12 12 12 12 12 12 12 12 12 12 12 12 12 12 12 12 12 12 12 12 12 12 12 12 12 12 12 12 12 12 12 12 12 12 12 12 12 12 12 12 12 12 12 12 12 12 12 12 12 12 12 12 12 12 12 12 12 12 12 12 12 12 12 12 12 12 12 12 12 12 12 12 12 12 12 12 12 12 12 12 12 12 12 12 12 12 12 12 12 12 12 12 12 12 12 12 12 12 12 12 12 12 12 12 12 12 12 12 12 12 12 12 12 12
12 12 12 12 12 12 12 12 12 12 12 12 12 12 12 12 12 12 12 12 12 12 12 12 12 12 12 12 12 12 12 12 12 12 12 12 12 12 12 12 12 12 12 12 12 12 12 12 12 12 12 12 12 12 12 12 12 12 12 12 12 12 12 12 12 12 12 12 12 12 12 12 12 12 12 12 12 12 12 12 12 12 12 12 12 12 12 12 12 12 12 12 12 12 12 12 12 12 12 12 12 12 12 12 12 12 12 12 12 12 12 12 12 12 12 12 12 12 12 12 12 12 12 12 12 12 12 12
12 12 12 12 12 12 12 12 12 12 12 12 12 12 12 12 12 12 12 12 12 12 12 12 12 12 12 12 12 12 12 12 12 12 12 12 12 12 12 12 12 12 12 12 12 12 12 12 12 12 12 12 12 12 12 12 12 12 12 12 12 12 12 12 12 12 12 12 12 12 12 12 12 12 12 12 12 12 12 12 12 12 12 12 12 12 12 12 12 12 12 12 12 12 12 12 12 12 12 12 12 12 12 12 12 12 12 12 12 12 12 12 12 12 12 12 12 12 12 12 12 12 12 12 12 12 12 12
12 12 12 12 12 12 12 12 12 12 12 12 12 12 12 12 12 12 12 12 12 12 12 12 12 12 12 12 12 12 12 12 12 12 12 12 12 12 12 12 12 12 12 12 12 12 12 12 12 12 12 12 12 12 12 12 12 12 12 12 12 12 12 12 12 12 12 12 12 12 12 12 12 12 12 12 12 12 12 12 12 12 12 12 12 12 12 12 12 12 12 12 12 12 12 12 12 12 12 12 12 12 12 12 12 12 12 12 12 12 12 12 12 12 12 12 12 12 12 12 12 12 12 12 12 12 12 12
12 12 12 12 12 12 12 12 12 12 12 12 12 12 12 12 12 12 12 12 12 12 12 12 12 12 12 12 12 12 12 12 12 12 12 12 12 12 12 12 12 12 12 12 12 12 12 12 12 12 12 12 12 12 12 12 12 12 12 12 12 12 12 12 12 12 12 12 12 12 12 12 12 12 12 12 12 12 12 12 12 12 12 12 12 12 12 12 12 12 12 12 12 12 12 12 12 12 12 12 12 12 12 12 12 12 12 12 12 12 12 12 12 12 12 12 12 12 12 12 12 12 12 12 12 12 12 12
12 12 12 12 12 12 12 12 12 12 12 12 12 12 12 12 12 12 12 12 12 12 12 12 12 12 12 12 12 12 12 12 12 12 12 12 12 12 12 12 12 12 12 12 12 12 12 12 12 12 12 12 12 12 12 12 12 12 12 12 12 12 12 12 12 12 12 12 12 12 12 12 12 12 12 12 12 12 12 12 12 12 12 12 12 12 12 12 12 12 12 12 12 12 12 12 12 12 12 12 12 12 12 12 12 12 12 12 12 12 12 12 12 12 12 12 12 12 12 12 12 12 12 12 12 12 12 12
sprites
death-0 0 0 26 31
death-1 28 0 58 15
melee-0 59 0 91 34
melee-1 1 33 27 64
missile-0 59 0 91 34
missile-1 1 33 27 64
walk-0 99 0 118 35
walk-1 67 36 90 72
walk-2 98 38 117 73
walk-3 1 67 24 103
end sprites
end paint
