paint dina-10-font 128 128
0 0 0 0 0 0 0 0 0 0 0 0 0 0 0 0 0 0 0 0 0 0 0 0 0 0 0 0 0 0 0 0 0 0 0 0 0 0 0 0 0 0 0 0 0 0 0 0 0 0 0 0 0 0 0 0 0 0 0 0 0 0 0 0 0 0 0 0 0 0 0 0 0 0 0 0 0 0 0 0 0 0 0 0 0 0 0 0 0 0 0 0 0 0 0 0 0 0 0 0 0 0 0 0 0 0 0 0 0 0 0 0 0 0 0 0 0 0 0 0 0 0 0 0 0 0 0 0
0 0 0 0 0 0 0 0 0 0 0 0 0 0 0 0 0 0 0 0 0 0 0 0 0 0 0 0 0 0 0 0 0 0 0 0 0 0 0 0 0 0 0 0 0 0 0 0 0 0 0 0 0 0 0 0 0 0 0 0 0 0 0 0 0 0 0 0 0 0 0 0 0 0 0 0 0 0 0 0 0 0 0 0 0 0 0 0 0 0 0 0 0 0 0 0 0 0 0 0 0 0 0 0 0 0 0 0 0 0 0 0 0 0 0 0 0 0 0 0 0 0 0 0 0 0 0 0
0 0 0 0 0 0 0 0 0 0 0 0 0 0 0 0 0 0 0 0 0 0 0 0 0 0 0 0 0 0 0 0 0 0 0 0 0 0 0 0 0 0 0 0 0 0 0 0 0 0 0 0 0 0 0 0 0 0 0 0 0 0 0 0 0 0 0 0 0 0 0 0 0 0 0 0 0 0 0 0 0 0 0 0 0 0 0 0 0 0 0 0 0 0 0 0 0 0 0 0 0 0 0 0 0 0 0 0 0 0 0 0 0 0 0 0 0 0 0 0 0 0 0 0 0 0 0 0
0 0 0 7 7 0 0 0 0 7 7 7 7 7 0 0 0 0 7 7 7 7 0 0 0 7 7 7 7 0 0 0 0 7 7 7 7 7 7 0 0 7 7 7 7 7 7 0 0 0 7 7 7 7 0 0 0 7 0 0 0 0 7 0 0 0 7 7 7 7 7 0 0 0 0 7 7 7 7 0 0 7 0 0 0 0 7 0 0 7 0 0 0 0 0 0 0 7 0 0 0 0 7 0 0 7 0 0 0 0 7 0 0 0 7 7 7 7 0 0 0 7 7 7 7 7 0 0
0 0 0 7 7 0 0 0 0 7 0 0 0 0 7 0 0 7 0 0 0 0 7 0 0 7 0 0 0 7 0 0 0 7 0 0 0 0 0 0 0 7 0 0 0 0 0 0 0 7 0 0 0 0 7 0 0 7 0 0 0 0 7 0 0 0 0 0 7 0 0 0 0 0 0 0 0 0 7 0 0 7 0 0 0 0 7 0 0 7 0 0 0 0 0 0 0 7 7 0 0 7 7 0 0 7 7 0 0 0 7 0 0 7 0 0 0 0 7 0 0 7 0 0 0 0 7 0
0 0 7 0 0 7 0 0 0 7 0 0 0 0 7 0 0 7 0 0 0 0 0 0 0 7 0 0 0 0 7 0 0 7 0 0 0 0 0 0 0 7 0 0 0 0 0 0 0 7 0 0 0 0 0 0 0 7 0 0 0 0 7 0 0 0 0 0 7 0 0 0 0 0 0 0 0 0 7 0 0 7 0 0 0 7 0 0 0 7 0 0 0 0 0 0 0 7 0 7 7 0 7 0 0 7 0 7 0 0 7 0 0 7 0 0 0 0 7 0 0 7 0 0 0 0 7 0
0 0 7 0 0 7 0 0 0 7 0 0 0 0 7 0 0 7 0 0 0 0 0 0 0 7 0 0 0 0 7 0 0 7 0 0 0 0 0 0 0 7 0 0 0 0 0 0 0 7 0 0 0 0 0 0 0 7 0 0 0 0 7 0 0 0 0 0 7 0 0 0 0 0 0 0 0 0 7 0 0 7 0 0 7 0 0 0 0 7 0 0 0 0 0 0 0 7 0 7 7 0 7 0 0 7 0 0 7 0 7 0 0 7 0 0 0 0 7 0 0 7 0 0 0 0 7 0
0 0 7 7 7 7 0 0 0 7 7 7 7 7 0 0 0 7 0 0 0 0 0 0 0 7 0 0 0 0 7 0 0 7 7 7 7 7 0 0 0 7 7 7 7 7 0 0 0 7 0 0 7 7 7 0 0 7 7 7 7 7 7 0 0 0 0 0 7 0 0 0 0 0 0 0 0 0 7 0 0 7 7 7 7 0 0 0 0 7 0 0 0 0 0 0 0 7 0 0 0 0 7 0 0 7 0 0 0 7 7 0 0 7 0 0 0 0 7 0 0 7 7 7 7 7 0 0
0 7 0 0 0 0 7 0 0 7 0 0 0 0 7 0 0 7 0 0 0 0 0 0 0 7 0 0 0 0 7 0 0 7 0 0 0 0 0 0 0 7 0 0 0 0 0 0 0 7 0 0 0 0 7 0 0 7 0 0 0 0 7 0 0 0 0 0 7 0 0 0 0 0 0 0 0 0 7 0 0 7 0 0 0 7 0 0 0 7 0 0 0 0 0 0 0 7 0 0 0 0 7 0 0 7 0 0 0 0 7 0 0 7 0 0 0 0 7 0 0 7 0 0 0 0 0 0
0 7 0 0 0 0 7 0 0 7 0 0 0 0 7 0 0 7 0 0 0 0 0 0 0 7 0 0 0 0 7 0 0 7 0 0 0 0 0 0 0 7 0 0 0 0 0 0 0 7 0 0 0 0 7 0 0 7 0 0 0 0 7 0 0 0 0 0 7 0 0 0 0 7 0 0 0 0 7 0 0 7 0 0 0 7 0 0 0 7 0 0 0 0 0 0 0 7 0 0 0 0 7 0 0 7 0 0 0 0 7 0 0 7 0 0 0 0 7 0 0 7 0 0 0 0 0 0
0 7 0 0 0 0 7 0 0 7 0 0 0 0 7 0 0 7 0 0 0 0 7 0 0 7 0 0 0 7 0 0 0 7 0 0 0 0 0 0 0 7 0 0 0 0 0 0 0 7 0 0 0 0 7 0 0 7 0 0 0 0 7 0 0 0 0 0 7 0 0 0 0 7 0 0 0 0 7 0 0 7 0 0 0 0 7 0 0 7 0 0 0 0 0 0 0 7 0 0 0 0 7 0 0 7 0 0 0 0 7 0 0 7 0 0 0 0 7 0 0 7 0 0 0 0 0 0
0 7 0 0 0 0 7 0 0 7 7 7 7 7 0 0 0 0 7 7 7 7 0 0 0 7 7 7 7 0 0 0 0 7 7 7 7 7 7 0 0 7 0 0 0 0 0 0 0 0 7 7 7 7 0 0 0 7 0 0 0 0 7 0 0 0 7 7 7 7 7 0 0 0 7 7 7 7 0 0 0 7 0 0 0 0 7 0 0 7 7 7 7 7 7 0 0 7 0 0 0 0 7 0 0 7 0 0 0 0 7 0 0 0 7 7 7 7 0 0 0 7 0 0 0 0 0 0
0 0 0 0 0 0 0 0 0 0 0 0 0 0 0 0 0 0 0 0 0 0 0 0 0 0 0 0 0 0 0 0 0 0 0 0 0 0 0 0 0 0 0 0 0 0 0 0 0 0 0 0 0 0 0 0 0 0 0 0 0 0 0 0 0 0 0 0 0 0 0 0 0 0 0 0 0 0 0 0 0 0 0 0 0 0 0 0 0 0 0 0 0 0 0 0 0 0 0 0 0 0 0 0 0 0 0 0 0 0 0 0 0 0 0 0 0 0 0 0 0 0 0 0 0 0 0 0
0 0 0 0 0 0 0 0 0 0 0 0 0 0 0 0 0 0 0 0 0 0 0 0 0 0 0 0 0 0 0 0 0 0 0 0 0 0 0 0 0 0 0 0 0 0 0 0 0 0 0 0 0 0 0 0 0 0 0 0 0 0 0 0 0 0 0 0 0 0 0 0 0 0 0 0 0 0 0 0 0 0 0 0 0 0 0 0 0 0 0 0 0 0 0 0 0 0 0 0 0 0 0 0 0 0 0 0 0 0 0 0 0 0 0 0 0 0 0 0 0 0 0 0 0 0 0 0
0 0 0 0 0 0 0 0 0 0 0 0 0 0 0 0 0 0 0 0 0 0 0 0 0 0 0 0 0 0 0 0 0 0 0 0 0 0 0 0 0 0 0 0 0 0 0 0 0 0 0 0 0 0 0 0 0 0 0 0 0 0 0 0 0 0 0 0 0 0 0 0 0 0 0 0 0 0 0 0 0 0 0 0 0 0 0 0 0 0 0 0 0 0 0 0 0 0 0 0 0 0 0 0 0 0 0 0 0 0 0 0 0 0 0 0 0 0 0 0 0 0 0 0 0 0 0 0
0 0 0 0 0 0 0 0 0 0 0 0 0 0 0 0 0 0 0 0 0 0 0 0 0 0 0 0 0 0 0 0 0 0 0 0 0 0 0 0 0 0 0 0 0 0 0 0 0 0 0 0 0 0 0 0 0 0 0 0 0 0 0 0 0 0 0 0 0 0 0 0 0 0 0 0 0 0 0 0 0 0 0 0 0 0 0 0 0 0 0 0 0 0 0 0 0 0 0 0 0 0 0 0 0 0 0 0 0 0 0 0 0 0 0 0 0 0 0 0 0 0 0 0 0 0 0 0
0 0 0 0 0 0 0 0 0 0 0 0 0 0 0 0 0 0 0 0 0 0 0 0 0 0 0 0 0 0 0 0 0 0 0 0 0 0 0 0 0 0 0 0 0 0 0 0 0 0 0 0 0 0 0 0 0 0 0 0 0 0 0 0 0 0 0 0 0 0 0 0 0 0 0 0 0 0 0 0 0 0 0 0 0 0 0 0 0 0 0 0 0 0 0 0 0 0 0 0 0 0 0 0 0 0 0 0 0 0 0 0 0 0 0 0 0 0 0 0 0 0 0 0 0 0 0 0
0 0 0 0 0 0 0 0 0 0 0 0 0 0 0 0 0 0 0 0 0 0 0 0 0 0 0 0 0 0 0 0 0 0 0 0 0 0 0 0 0 0 0 0 0 0 0 0 0 0 0 0 0 0 0 0 0 0 0 0 0 0 0 0 0 0 0 0 0 0 0 0 0 0 0 0 0 0 0 0 0 0 0 0 0 0 0 0 0 0 0 0 0 0 0 0 0 0 0 0 0 0 0 0 0 0 0 0 0 0 0 0 0 0 0 0 0 0 0 0 0 0 0 0 0 0 0 0
0 0 0 0 0 0 0 0 0 0 0 0 0 0 0 0 0 0 0 0 0 0 0 0 0 0 0 0 0 0 0 0 0 0 0 0 0 0 0 0 0 0 0 0 0 0 0 0 0 0 0 0 0 0 0 0 0 0 0 0 0 0 0 0 0 0 0 0 0 0 0 0 0 0 0 0 0 0 0 0 0 0 0 0 0 0 0 0 0 7 0 0 0 0 0 0 0 0 0 0 0 0 0 0 0 0 0 0 0 0 7 0 0 0 0 0 0 0 0 0 0 0 0 0 7 7 7 0
0 0 7 7 7 7 0 0 0 7 7 7 7 7 0 0 0 0 7 7 7 7 0 0 0 7 7 7 7 7 0 0 0 7 0 0 0 0 7 0 0 7 0 0 0 7 0 0 7 0 0 0 0 0 7 0 0 7 0 0 0 0 7 0 7 0 0 0 0 0 7 0 0 7 7 7 7 7 7 0 0 0 0 0 0 0 0 0 0 7 0 0 0 0 0 0 0 0 0 0 0 0 0 0 0 0 0 0 0 0 7 0 0 0 0 0 0 0 0 0 0 0 0 7 0 0 0 0
0 7 0 0 0 0 7 0 0 7 0 0 0 0 7 0 0 7 0 0 0 0 7 0 0 0 0 7 0 0 0 0 0 7 0 0 0 0 7 0 0 7 0 0 0 7 0 0 7 0 0 0 0 0 7 0 0 7 0 0 0 0 7 0 7 0 0 0 0 0 7 0 0 0 0 0 0 7 0 0 0 0 0 0 0 0 0 0 0 7 0 0 0 0 0 0 0 0 0 0 0 0 0 0 0 0 0 0 0 0 7 0 0 0 0 0 0 0 0 0 0 0 0 7 0 0 0 0
0 7 0 0 0 0 7 0 0 7 0 0 0 0 7 0 0 7 0 0 0 0 0 0 0 0 0 7 0 0 0 0 0 7 0 0 0 0 7 0 0 7 0 0 0 7 0 0 7 0 0 0 0 0 7 0 0 0 7 0 0 7 0 0 7 0 0 0 0 0 7 0 0 0 0 0 7 0 0 0 0 0 7 7 7 7 0 0 0 7 7 7 7 7 0 0 0 0 7 7 7 7 0 0 0 0 7 7 7 7 7 0 0 0 7 7 7 7 0 0 0 0 7 7 7 7 0 0
0 7 0 0 0 0 7 0 0 7 0 0 0 0 7 0 0 7 0 0 0 0 0 0 0 0 0 7 0 0 0 0 0 7 0 0 0 0 7 0 0 7 0 0 0 7 0 0 7 0 0 7 0 0 7 0 0 0 7 0 0 7 0 0 0 7 0 0 0 7 0 0 0 0 0 7 0 0 0 0 0 0 0 0 0 0 7 0 0 7 0 0 0 0 7 0 0 7 0 0 0 0 7 0 0 7 0 0 0 0 7 0 0 7 0 0 0 0 7 0 0 0 0 7 0 0 0 0
0 7 0 0 0 0 7 0 0 7 7 7 7 7 0 0 0 0 7 7 7 7 0 0 0 0 0 7 0 0 0 0 0 7 0 0 0 0 7 0 0 0 7 0 7 0 0 0 0 7 0 7 0 7 0 0 0 0 0 7 7 0 0 0 0 0 7 0 7 0 0 0 0 0 0 7 0 0 0 0 0 0 0 0 0 0 7 0 0 7 0 0 0 0 7 0 0 7 0 0 0 0 0 0 0 7 0 0 0 0 7 0 0 7 0 0 0 0 7 0 0 0 0 7 0 0 0 0
0 7 0 0 0 0 7 0 0 7 0 0 0 7 0 0 0 0 0 0 0 0 7 0 0 0 0 7 0 0 0 0 0 7 0 0 0 0 7 0 0 0 7 0 7 0 0 0 0 7 0 7 0 7 0 0 0 0 7 0 0 7 0 0 0 0 0 7 0 0 0 0 0 0 7 0 0 0 0 0 0 0 7 7 7 7 7 0 0 7 0 0 0 0 7 0 0 7 0 0 0 0 0 0 0 7 0 0 0 0 7 0 0 7 7 7 7 7 7 0 0 0 0 7 0 0 0 0
0 7 0 0 0 0 7 0 0 7 0 0 0 0 7 0 0 0 0 0 0 0 7 0 0 0 0 7 0 0 0 0 0 7 0 0 0 0 7 0 0 0 7 0 7 0 0 0 0 7 7 0 7 7 0 0 0 0 7 0 0 7 0 0 0 0 0 7 0 0 0 0 0 0 7 0 0 0 0 0 0 7 0 0 0 0 7 0 0 7 0 0 0 0 7 0 0 7 0 0 0 0 0 0 0 7 0 0 0 0 7 0 0 7 0 0 0 0 0 0 0 0 0 7 0 0 0 0
0 7 0 0 0 7 0 0 0 7 0 0 0 0 7 0 0 7 0 0 0 0 7 0 0 0 0 7 0 0 0 0 0 7 0 0 0 0 7 0 0 0 0 7 0 0 0 0 0 0 7 0 7 0 0 0 0 7 0 0 0 0 7 0 0 0 0 7 0 0 0 0 0 7 0 0 0 0 0 0 0 7 0 0 0 0 7 0 0 7 0 0 0 0 7 0 0 7 0 0 0 0 7 0 0 7 0 0 0 0 7 0 0 7 0 0 0 0 7 0 0 0 0 7 0 0 0 0
0 0 7 7 7 0 7 0 0 7 0 0 0 0 7 0 0 0 7 7 7 7 0 0 0 0 0 7 0 0 0 0 0 0 7 7 7 7 0 0 0 0 0 7 0 0 0 0 0 0 7 0 7 0 0 0 0 7 0 0 0 0 7 0 0 0 0 7 0 0 0 0 0 7 7 7 7 7 7 0 0 0 7 7 7 7 7 0 0 7 7 7 7 7 0 0 0 0 7 7 7 7 0 0 0 0 7 7 7 7 7 0 0 0 7 7 7 7 0 0 0 0 0 7 0 0 0 0
0 0 0 0 0 0 7 0 0 0 0 0 0 0 0 0 0 0 0 0 0 0 0 0 0 0 0 0 0 0 0 0 0 0 0 0 0 0 0 0 0 0 0 0 0 0 0 0 0 0 0 0 0 0 0 0 0 0 0 0 0 0 0 0 0 0 0 0 0 0 0 0 0 0 0 0 0 0 0 0 0 0 0 0 0 0 0 0 0 0 0 0 0 0 0 0 0 0 0 0 0 0 0 0 0 0 0 0 0 0 0 0 0 0 0 0 0 0 0 0 0 0 0 0 0 0 0 0
0 0 0 0 0 0 0 0 0 0 0 0 0 0 0 0 0 0 0 0 0 0 0 0 0 0 0 0 0 0 0 0 0 0 0 0 0 0 0 0 0 0 0 0 0 0 0 0 0 0 0 0 0 0 0 0 0 0 0 0 0 0 0 0 0 0 0 0 0 0 0 0 0 0 0 0 0 0 0 0 0 0 0 0 0 0 0 0 0 0 0 0 0 0 0 0 0 0 0 0 0 0 0 0 0 0 0 0 0 0 0 0 0 0 0 0 0 0 0 0 0 0 0 0 0 0 0 0
0 0 0 0 0 0 0 0 0 0 0 0 0 0 0 0 0 0 0 0 0 0 0 0 0 0 0 0 0 0 0 0 0 0 0 0 0 0 0 0 0 0 0 0 0 0 0 0 0 0 0 0 0 0 0 0 0 0 0 0 0 0 0 0 0 0 0 0 0 0 0 0 0 0 0 0 0 0 0 0 0 0 0 0 0 0 0 0 0 0 0 0 0 0 0 0 0 0 0 0 0 0 0 0 0 0 0 0 0 0 0 0 0 0 0 0 0 0 0 0 0 0 0 0 0 0 0 0
0 0 0 0 0 0 0 0 0 0 0 0 0 0 0 0 0 0 0 0 0 0 0 0 0 0 0 0 0 0 0 0 0 0 0 0 0 0 0 0 0 0 0 0 0 0 0 0 0 0 0 0 0 0 0 0 0 0 0 0 0 0 0 0 0 0 0 0 0 0 0 0 0 0 0 0 0 0 0 0 0 0 0 0 0 0 0 0 0 0 0 0 0 0 0 0 0 0 0 0 0 0 0 0 0 0 0 0 0 0 0 0 0 0 0 0 0 0 0 0 0 0 0 0 0 0 0 0
0 0 0 0 0 0 0 0 0 0 0 0 0 0 0 0 0 0 0 0 0 0 0 0 0 0 0 0 0 0 0 0 0 0 0 0 0 0 0 0 0 0 0 0 0 0 0 0 0 0 0 0 0 0 0 0 0 0 0 0 0 0 0 0 0 0 0 0 0 0 0 0 0 0 0 0 0 0 0 0 0 0 0 0 0 0 0 0 0 0 0 0 0 0 0 0 0 0 0 0 0 0 0 0 0 0 0 0 0 0 0 0 0 0 0 0 0 0 0 0 0 0 0 0 0 0 0 0
0 0 0 0 0 0 0 0 0 0 0 0 0 0 0 0 0 0 0 0 7 0 0 0 0 0 0 0 7 0 0 0 0 0 0 0 0 0 0 0 0 0 0 0 0 0 0 0 0 0 0 0 0 0 0 0 0 0 0 0 0 0 0 0 0 0 0 0 0 0 0 0 0 0 0 0 0 0 0 0 0 0 0 0 0 0 0 0 0 0 0 0 0 0 0 0 0 0 0 0 0 0 0 0 0 0 0 0 0 0 0 0 0 0 0 0 0 0 0 0 0 0 0 0 0 0 0 0
0 0 0 0 0 0 0 0 0 7 0 0 0 0 0 0 0 0 0 0 7 0 0 0 0 0 0 0 7 0 0 0 0 7 0 0 0 0 0 0 0 0 7 7 0 0 0 0 0 0 0 0 0 0 0 0 0 0 0 0 0 0 0 0 0 0 0 0 0 0 0 0 0 0 0 0 0 0 0 0 0 0 0 0 0 0 0 0 0 0 0 0 0 0 0 0 0 0 0 0 0 0 0 0 0 0 7 0 0 0 0 0 0 0 0 0 0 0 0 0 0 0 0 0 0 0 0 0
0 0 0 0 0 0 0 0 0 7 0 0 0 0 0 0 0 0 0 0 0 0 0 0 0 0 0 0 0 0 0 0 0 7 0 0 0 0 0 0 0 0 0 7 0 0 0 0 0 0 0 0 0 0 0 0 0 0 0 0 0 0 0 0 0 0 0 0 0 0 0 0 0 0 0 0 0 0 0 0 0 0 0 0 0 0 0 0 0 0 0 0 0 0 0 0 0 0 0 0 0 0 0 0 0 0 7 0 0 0 0 0 0 0 0 0 0 0 0 0 0 0 0 0 0 0 0 0
0 0 0 0 0 0 0 0 0 7 0 0 0 0 0 0 0 0 0 0 0 0 0 0 0 0 0 0 0 0 0 0 0 7 0 0 0 0 0 0 0 0 0 7 0 0 0 0 0 0 0 0 0 0 0 0 0 0 0 0 0 0 0 0 0 0 0 0 0 0 0 0 0 0 0 0 0 0 0 0 0 0 0 0 0 0 0 0 0 0 0 0 0 0 0 0 0 0 0 0 0 0 0 0 0 0 7 0 0 0 0 0 0 0 0 0 0 0 0 0 0 0 0 0 0 0 0 0
0 0 7 7 7 7 7 0 0 7 7 7 7 7 0 0 0 0 0 7 7 0 0 0 0 0 7 7 7 0 0 0 0 7 0 0 0 0 7 0 0 0 0 7 0 0 0 0 7 7 7 0 7 7 0 0 0 7 7 7 7 7 0 0 0 0 7 7 7 7 0 0 0 7 7 7 7 7 0 0 0 0 7 7 7 7 7 0 0 7 0 7 7 7 0 0 0 0 7 7 7 7 0 0 0 7 7 7 7 0 0 0 0 7 0 0 0 0 7 0 0 7 0 0 0 7 0 0
0 7 0 0 0 0 7 0 0 7 0 0 0 0 7 0 0 0 0 0 7 0 0 0 0 0 0 0 7 0 0 0 0 7 0 0 0 7 0 0 0 0 0 7 0 0 0 0 7 0 0 7 0 0 7 0 0 7 0 0 0 0 7 0 0 7 0 0 0 0 7 0 0 7 0 0 0 0 7 0 0 7 0 0 0 0 7 0 0 7 7 0 0 0 7 0 0 7 0 0 0 0 7 0 0 0 7 0 0 0 0 0 0 7 0 0 0 0 7 0 0 7 0 0 0 7 0 0
0 7 0 0 0 0 7 0 0 7 0 0 0 0 7 0 0 0 0 0 7 0 0 0 0 0 0 0 7 0 0 0 0 7 0 0 7 0 0 0 0 0 0 7 0 0 0 0 7 0 0 7 0 0 7 0 0 7 0 0 0 0 7 0 0 7 0 0 0 0 7 0 0 7 0 0 0 0 7 0 0 7 0 0 0 0 7 0 0 7 0 0 0 0 0 0 0 7 0 0 0 0 0 0 0 0 7 0 0 0 0 0 0 7 0 0 0 0 7 0 0 7 0 0 0 7 0 0
0 7 0 0 0 0 7 0 0 7 0 0 0 0 7 0 0 0 0 0 7 0 0 0 0 0 0 0 7 0 0 0 0 7 7 7 7 0 0 0 0 0 0 7 0 0 0 0 7 0 0 7 0 0 7 0 0 7 0 0 0 0 7 0 0 7 0 0 0 0 7 0 0 7 0 0 0 0 7 0 0 7 0 0 0 0 7 0 0 7 0 0 0 0 0 0 0 0 7 7 7 7 0 0 0 0 7 0 0 0 0 0 0 7 0 0 0 0 7 0 0 0 7 0 7 0 0 0
0 7 0 0 0 0 7 0 0 7 0 0 0 0 7 0 0 0 0 0 7 0 0 0 0 0 0 0 7 0 0 0 0 7 0 0 0 7 0 0 0 0 0 7 0 0 0 0 7 0 0 7 0 0 7 0 0 7 0 0 0 0 7 0 0 7 0 0 0 0 7 0 0 7 0 0 0 0 7 0 0 7 0 0 0 0 7 0 0 7 0 0 0 0 0 0 0 0 0 0 0 0 7 0 0 0 7 0 0 0 0 0 0 7 0 0 0 0 7 0 0 0 7 0 7 0 0 0
0 7 0 0 0 0 7 0 0 7 0 0 0 0 7 0 0 0 0 0 7 0 0 0 0 0 0 0 7 0 0 0 0 7 0 0 0 7 0 0 0 0 0 7 0 0 0 0 7 0 0 7 0 0 7 0 0 7 0 0 0 0 7 0 0 7 0 0 0 0 7 0 0 7 0 0 0 0 7 0 0 7 0 0 0 0 7 0 0 7 0 0 0 0 0 0 0 7 0 0 0 0 7 0 0 0 7 0 0 0 0 0 0 7 0 0 0 0 7 0 0 0 0 7 0 0 0 0
0 0 7 7 7 7 7 0 0 7 0 0 0 0 7 0 0 0 0 7 7 7 0 0 0 0 0 0 7 0 0 0 0 7 0 0 0 0 7 0 0 0 0 7 7 0 0 0 7 0 0 7 0 0 7 0 0 7 0 0 0 0 7 0 0 0 7 7 7 7 0 0 0 7 7 7 7 7 0 0 0 0 7 7 7 7 7 0 0 7 0 0 0 0 0 0 0 0 7 7 7 7 0 0 0 0 0 7 7 7 7 0 0 0 7 7 7 7 7 0 0 0 0 7 0 0 0 0
0 0 0 0 0 0 7 0 0 0 0 0 0 0 0 0 0 0 0 0 0 0 0 0 0 0 0 0 7 0 0 0 0 0 0 0 0 0 0 0 0 0 0 0 0 0 0 0 0 0 0 0 0 0 0 0 0 0 0 0 0 0 0 0 0 0 0 0 0 0 0 0 0 7 0 0 0 0 0 0 0 0 0 0 0 0 7 0 0 0 0 0 0 0 0 0 0 0 0 0 0 0 0 0 0 0 0 0 0 0 0 0 0 0 0 0 0 0 0 0 0 0 0 0 0 0 0 0
0 0 0 0 0 0 7 0 0 0 0 0 0 0 0 0 0 0 0 0 0 0 0 0 0 7 7 7 0 0 0 0 0 0 0 0 0 0 0 0 0 0 0 0 0 0 0 0 0 0 0 0 0 0 0 0 0 0 0 0 0 0 0 0 0 0 0 0 0 0 0 0 0 7 0 0 0 0 0 0 0 0 0 0 0 0 7 0 0 0 0 0 0 0 0 0 0 0 0 0 0 0 0 0 0 0 0 0 0 0 0 0 0 0 0 0 0 0 0 0 0 0 0 0 0 0 0 0
0 0 0 0 0 0 7 0 0 0 0 0 0 0 0 0 0 0 0 0 0 0 0 0 0 0 0 0 0 0 0 0 0 0 0 0 0 0 0 0 0 0 0 0 0 0 0 0 0 0 0 0 0 0 0 0 0 0 0 0 0 0 0 0 0 0 0 0 0 0 0 0 0 7 0 0 0 0 0 0 0 0 0 0 0 0 7 0 0 0 0 0 0 0 0 0 0 0 0 0 0 0 0 0 0 0 0 0 0 0 0 0 0 0 0 0 0 0 0 0 0 0 0 0 0 0 0 0
0 0 7 7 7 7 0 0 0 0 0 0 0 0 0 0 0 0 0 0 0 0 0 0 0 0 0 0 0 0 0 0 0 0 0 0 0 0 0 0 0 0 0 0 0 0 0 0 0 0 0 0 0 0 0 0 0 0 0 0 0 0 0 0 0 0 0 0 0 0 0 0 0 0 0 0 0 0 0 0 0 0 0 0 0 0 0 0 0 0 0 0 0 0 0 0 0 0 0 0 0 0 0 0 0 0 0 0 0 0 0 0 0 0 0 0 0 0 0 0 0 0 0 0 0 0 0 0
0 0 0 0 0 0 0 0 0 0 0 0 0 0 0 0 0 0 0 0 0 0 0 0 0 0 0 0 0 0 0 0 0 0 0 0 0 0 0 0 0 0 0 0 0 0 0 0 0 0 0 0 0 0 0 0 0 0 0 0 0 0 0 0 0 0 0 0 0 0 0 0 0 0 0 0 0 0 0 0 0 0 0 0 0 0 0 0 0 0 0 0 0 0 0 0 0 0 0 0 0 0 0 0 0 0 0 0 0 0 0 0 0 0 0 0 0 0 0 0 0 0 0 0 0 0 0 0
0 0 0 0 0 0 0 0 0 0 0 0 0 0 0 0 0 0 0 0 0 0 0 0 0 0 0 0 0 0 0 0 0 0 0 0 0 0 0 0 0 0 0 0 0 0 0 0 0 0 0 0 0 0 0 0 0 0 0 0 0 0 0 0 0 0 0 0 0 0 0 0 0 0 0 0 0 0 0 0 0 0 0 0 0 0 0 0 0 0 0 0 0 0 0 0 0 0 0 0 0 0 0 0 0 0 0 0 0 0 0 0 0 0 0 0 0 0 0 0 0 0 0 0 0 0 0 0
0 0 0 0 0 0 0 0 0 0 0 0 0 0 0 0 0 0 0 0 0 0 0 0 0 0 0 0 0 0 0 0 0 0 0 0 0 0 0 0 0 0 0 0 0 0 0 0 0 0 0 0 0 0 0 0 0 0 0 0 0 0 0 0 0 0 0 0 0 0 0 0 0 0 0 0 0 0 0 0 0 0 0 0 0 0 0 0 0 0 0 0 0 0 0 0 0 0 0 0 0 0 0 0 0 0 0 0 0 0 0 0 0 0 0 7 0 0 0 0 0 0 7 0 0 7 0 0
0 0 0 0 0 0 0 0 0 0 0 0 0 0 0 0 0 0 0 0 0 0 0 0 0 0 0 0 0 0 0 0 0 0 7 7 7 7 0 0 0 0 0 0 7 0 0 0 0 0 7 7 7 7 0 0 0 0 7 7 7 7 0 0 0 0 0 0 0 7 0 0 0 7 7 7 7 7 7 0 0 0 0 7 7 7 0 0 0 7 7 7 7 7 7 0 0 0 7 7 7 7 0 0 0 0 7 7 7 7 0 0 0 0 0 7 0 0 0 0 0 0 7 0 0 7 0 0
0 0 0 0 0 0 0 0 0 0 0 0 0 0 0 0 0 0 0 0 0 0 0 0 0 0 0 0 0 0 0 0 0 7 0 0 0 0 7 0 0 0 0 7 7 0 0 0 0 7 0 0 0 0 7 0 0 7 0 0 0 0 7 0 0 0 0 0 7 7 0 0 0 7 0 0 0 0 0 0 0 0 7 0 0 0 0 0 0 0 0 0 0 0 7 0 0 7 0 0 0 0 7 0 0 7 0 0 0 0 7 0 0 0 0 7 0 0 0 0 0 0 7 0 0 7 0 0
0 7 0 0 0 0 0 7 0 7 0 0 0 0 7 0 0 7 0 0 0 0 7 0 0 7 7 7 7 7 7 0 0 7 0 0 0 7 7 0 0 0 7 0 7 0 0 0 0 0 0 0 0 0 7 0 0 0 0 0 0 0 7 0 0 0 0 7 0 7 0 0 0 7 0 0 0 0 0 0 0 7 0 0 0 0 0 0 0 0 0 0 0 0 7 0 0 7 0 0 0 0 7 0 0 7 0 0 0 0 7 0 0 0 0 7 0 0 0 0 0 0 0 0 0 0 0 0
0 7 0 0 0 0 0 7 0 0 7 0 0 7 0 0 0 7 0 0 0 0 7 0 0 0 0 0 0 7 0 0 0 7 0 0 7 0 7 0 0 0 0 0 7 0 0 0 0 0 0 0 0 7 0 0 0 0 0 0 0 0 7 0 0 0 7 0 0 7 0 0 0 7 0 0 0 0 0 0 0 7 0 0 0 0 0 0 0 0 0 0 0 7 0 0 0 7 0 0 0 0 7 0 0 7 0 0 0 0 7 0 0 0 0 7 0 0 0 0 0 0 0 0 0 0 0 0
0 7 0 0 7 0 0 7 0 0 7 0 0 7 0 0 0 7 0 0 0 0 7 0 0 0 0 0 7 0 0 0 0 7 0 7 0 0 7 0 0 0 0 0 7 0 0 0 0 0 0 0 7 0 0 0 0 0 0 7 7 7 0 0 0 7 0 0 0 7 0 0 0 7 7 7 7 7 0 0 0 7 7 7 7 7 0 0 0 0 0 0 0 7 0 0 0 0 7 7 7 7 0 0 0 0 7 7 7 7 7 0 0 0 0 7 0 0 0 0 0 0 0 0 0 0 0 0
0 0 7 0 7 0 7 0 0 0 0 7 7 0 0 0 0 7 0 0 0 0 7 0 0 0 0 7 0 0 0 0 0 7 7 0 0 0 7 0 0 0 0 0 7 0 0 0 0 0 0 7 0 0 0 0 0 0 0 0 0 0 7 0 0 7 7 7 7 7 7 0 0 0 0 0 0 0 7 0 0 7 0 0 0 0 7 0 0 0 0 0 7 0 0 0 0 7 0 0 0 0 7 0 0 0 0 0 0 0 7 0 0 0 0 0 0 0 0 0 0 0 0 0 0 0 0 0
0 0 7 0 7 0 7 0 0 0 7 0 0 7 0 0 0 7 0 0 0 0 7 0 0 0 7 0 0 0 0 0 0 7 0 0 0 0 7 0 0 0 0 0 7 0 0 0 0 0 7 0 0 0 0 0 0 0 0 0 0 0 7 0 0 0 0 0 0 7 0 0 0 0 0 0 0 0 7 0 0 7 0 0 0 0 7 0 0 0 0 0 7 0 0 0 0 7 0 0 0 0 7 0 0 0 0 0 0 0 7 0 0 0 0 0 0 0 0 0 0 0 0 0 0 0 0 0
0 0 7 7 0 7 7 0 0 0 7 0 0 7 0 0 0 7 0 0 0 0 7 0 0 7 0 0 0 0 0 0 0 7 0 0 0 0 7 0 0 0 0 0 7 0 0 0 0 7 0 0 0 0 0 0 0 7 0 0 0 0 7 0 0 0 0 0 0 7 0 0 0 7 0 0 0 0 7 0 0 7 0 0 0 0 7 0 0 0 0 7 0 0 0 0 0 7 0 0 0 0 7 0 0 0 0 0 0 7 0 0 0 0 0 7 0 0 0 0 0 0 0 0 0 0 0 0
0 0 0 7 0 7 0 0 0 7 0 0 0 0 7 0 0 0 7 7 7 7 7 0 0 7 7 7 7 7 7 0 0 0 7 7 7 7 0 0 0 0 7 7 7 7 7 0 0 7 7 7 7 7 7 0 0 0 7 7 7 7 0 0 0 0 0 0 0 7 0 0 0 0 7 7 7 7 0 0 0 0 7 7 7 7 0 0 0 0 0 7 0 0 0 0 0 0 7 7 7 7 0 0 0 0 7 7 7 0 0 0 0 0 0 7 0 0 0 0 0 0 0 0 0 0 0 0
0 0 0 0 0 0 0 0 0 0 0 0 0 0 0 0 0 0 0 0 0 0 7 0 0 0 0 0 0 0 0 0 0 0 0 0 0 0 0 0 0 0 0 0 0 0 0 0 0 0 0 0 0 0 0 0 0 0 0 0 0 0 0 0 0 0 0 0 0 0 0 0 0 0 0 0 0 0 0 0 0 0 0 0 0 0 0 0 0 0 0 0 0 0 0 0 0 0 0 0 0 0 0 0 0 0 0 0 0 0 0 0 0 0 0 0 0 0 0 0 0 0 0 0 0 0 0 0
0 0 0 0 0 0 0 0 0 0 0 0 0 0 0 0 0 0 0 0 0 0 7 0 0 0 0 0 0 0 0 0 0 0 0 0 0 0 0 0 0 0 0 0 0 0 0 0 0 0 0 0 0 0 0 0 0 0 0 0 0 0 0 0 0 0 0 0 0 0 0 0 0 0 0 0 0 0 0 0 0 0 0 0 0 0 0 0 0 0 0 0 0 0 0 0 0 0 0 0 0 0 0 0 0 0 0 0 0 0 0 0 0 0 0 0 0 0 0 0 0 0 0 0 0 0 0 0
0 0 0 0 0 0 0 0 0 0 0 0 0 0 0 0 0 0 0 0 0 0 7 0 0 0 0 0 0 0 0 0 0 0 0 0 0 0 0 0 0 0 0 0 0 0 0 0 0 0 0 0 0 0 0 0 0 0 0 0 0 0 0 0 0 0 0 0 0 0 0 0 0 0 0 0 0 0 0 0 0 0 0 0 0 0 0 0 0 0 0 0 0 0 0 0 0 0 0 0 0 0 0 0 0 0 0 0 0 0 0 0 0 0 0 0 0 0 0 0 0 0 0 0 0 0 0 0
0 0 0 0 0 0 0 0 0 0 0 0 0 0 0 0 0 0 7 7 7 7 0 0 0 0 0 0 0 0 0 0 0 0 0 0 0 0 0 0 0 0 0 0 0 0 0 0 0 0 0 0 0 0 0 0 0 0 0 0 0 0 0 0 0 0 0 0 0 0 0 0 0 0 0 0 0 0 0 0 0 0 0 0 0 0 0 0 0 0 0 0 0 0 0 0 0 0 0 0 0 0 0 0 0 0 0 0 0 0 0 0 0 0 0 0 0 0 0 0 0 0 0 0 0 0 0 0
0 0 0 0 0 0 0 0 0 0 0 0 0 0 0 0 0 0 0 0 0 0 0 0 0 0 0 0 0 0 0 0 0 0 0 0 0 0 0 0 0 0 0 0 0 0 0 0 0 0 0 0 0 0 0 0 0 0 0 0 0 0 0 0 0 0 0 0 0 0 0 0 0 0 0 0 0 0 0 0 0 0 0 0 0 0 0 0 0 0 0 0 0 0 0 0 0 0 0 0 0 0 0 0 0 0 0 0 0 0 0 0 0 0 0 0 0 0 0 0 0 0 0 0 0 0 0 0
0 0 0 0 0 0 0 0 0 0 0 0 0 0 0 0 0 0 0 0 0 0 0 0 0 0 0 0 0 0 0 0 0 0 0 7 0 0 0 0 0 0 0 0 7 0 0 0 0 0 7 0 0 0 0 0 0 0 0 0 0 0 0 0 0 0 0 0 0 0 0 0 0 0 0 0 0 0 0 0 0 0 0 0 0 0 0 0 0 0 0 0 0 0 0 0 0 0 0 0 0 0 7 0 0 0 0 0 0 0 0 0 0 0 0 0 0 0 0 0 0 0 0 0 0 0 0 0
0 0 0 0 0 0 0 0 0 0 0 7 0 0 0 0 0 0 0 0 0 0 0 0 0 0 0 0 7 7 0 0 0 0 0 7 0 0 0 0 0 0 0 7 0 0 0 0 0 0 0 7 0 0 0 0 0 0 0 0 0 0 0 0 0 0 0 0 0 0 0 0 0 0 0 0 0 0 0 0 0 0 0 0 0 0 0 0 0 0 0 0 0 0 0 0 0 0 0 0 0 0 7 0 0 0 0 0 0 0 0 0 0 0 0 0 0 0 0 0 0 0 0 0 0 0 0 0
0 0 0 0 0 0 0 0 0 0 7 7 7 0 0 0 0 7 7 0 0 0 0 0 0 0 0 7 0 0 7 0 0 0 0 7 0 0 0 0 0 0 0 7 0 0 0 0 0 0 0 7 0 0 0 0 0 0 0 0 0 0 0 0 0 0 0 0 0 0 0 0 0 0 0 0 0 0 0 0 0 0 0 0 0 0 0 0 0 0 0 0 0 0 0 0 0 0 0 0 0 7 0 0 0 0 0 0 0 0 0 0 0 0 0 0 0 0 0 0 0 0 0 0 0 0 7 0
0 0 7 0 0 7 0 0 0 7 0 7 0 7 0 0 7 0 0 7 0 0 7 0 0 0 0 7 0 0 7 0 0 0 0 0 0 0 0 0 0 0 7 0 0 0 0 0 0 0 0 0 7 0 0 0 0 0 0 0 0 0 0 0 0 0 0 0 0 0 0 0 0 0 0 0 0 0 0 0 0 0 0 0 0 0 0 0 0 0 0 0 0 0 0 0 0 0 0 0 0 7 0 0 0 0 0 0 0 0 0 0 0 0 0 0 0 0 0 0 0 0 0 0 0 7 0 0
0 0 7 0 0 7 0 0 0 7 0 7 0 0 0 0 7 0 0 7 0 7 0 0 0 0 0 7 0 7 0 0 0 0 0 0 0 0 0 0 0 0 7 0 0 0 0 0 0 0 0 0 7 0 0 0 0 0 7 0 0 7 0 0 0 0 0 7 0 0 0 0 0 0 0 0 0 0 0 0 0 0 0 0 0 0 0 0 0 0 0 0 0 0 0 0 0 0 0 0 7 0 0 0 0 0 0 7 7 0 0 0 0 0 0 7 7 0 0 0 0 0 0 0 7 0 0 0
0 7 7 7 7 7 7 0 0 7 0 7 0 0 0 0 0 7 7 0 7 0 0 0 0 0 0 0 7 0 0 0 0 0 0 0 0 0 0 0 0 0 7 0 0 0 0 0 0 0 0 0 7 0 0 0 0 0 0 7 7 0 0 0 0 0 0 7 0 0 0 0 0 0 0 0 0 0 0 0 0 0 0 0 0 0 0 0 0 0 0 0 0 0 0 0 0 0 0 0 7 0 0 0 0 0 0 7 7 0 0 0 0 0 0 7 7 0 0 0 0 0 0 7 0 0 0 0
0 0 7 0 0 7 0 0 0 0 7 7 7 0 0 0 0 0 0 7 0 0 0 0 0 0 0 7 0 7 0 7 0 0 0 0 0 0 0 0 0 0 7 0 0 0 0 0 0 0 0 0 7 0 0 0 0 7 7 7 7 7 7 0 0 7 7 7 7 7 0 0 0 0 0 0 0 0 0 0 0 7 7 7 7 7 7 0 0 0 0 0 0 0 0 0 0 0 0 7 0 0 0 0 0 0 0 0 0 0 0 0 0 0 0 0 0 0 0 0 0 0 7 0 0 0 0 0
0 0 7 0 0 7 0 0 0 0 0 7 0 7 0 0 0 0 7 0 7 7 0 0 0 0 7 0 0 0 7 0 0 0 0 0 0 0 0 0 0 0 7 0 0 0 0 0 0 0 0 0 7 0 0 0 0 0 0 7 7 0 0 0 0 0 0 7 0 0 0 0 0 0 0 0 0 0 0 0 0 0 0 0 0 0 0 0 0 0 0 0 0 0 0 0 0 0 0 7 0 0 0 0 0 0 0 0 0 0 0 0 0 0 0 0 0 0 0 0 0 0 0 7 0 0 0 0
0 7 7 7 7 7 7 0 0 0 0 7 0 7 0 0 0 7 0 7 0 0 7 0 0 0 7 0 0 0 7 0 0 0 0 0 0 0 0 0 0 0 7 0 0 0 0 0 0 0 0 0 7 0 0 0 0 0 7 0 0 7 0 0 0 0 0 7 0 0 0 0 0 0 0 0 0 0 0 0 0 0 0 0 0 0 0 0 0 0 0 0 0 0 0 0 0 0 7 0 0 0 0 0 0 0 0 0 0 0 0 0 0 0 0 0 0 0 0 0 0 0 0 0 7 0 0 0
0 0 7 0 0 7 0 0 0 7 0 7 0 7 0 0 7 0 0 7 0 0 7 0 0 0 7 0 0 0 7 0 0 0 0 0 0 0 0 0 0 0 7 0 0 0 0 0 0 0 0 0 7 0 0 0 0 0 0 0 0 0 0 0 0 0 0 0 0 0 0 0 0 0 0 7 7 0 0 0 0 0 0 0 0 0 0 0 0 0 0 7 7 0 0 0 0 0 7 0 0 0 0 0 0 0 0 7 7 0 0 0 0 0 0 7 7 0 0 0 0 0 0 0 0 7 0 0
0 0 7 0 0 7 0 0 0 0 7 7 7 0 0 0 0 0 0 0 7 7 0 0 0 0 0 7 7 7 0 7 0 0 0 0 0 0 0 0 0 0 0 7 0 0 0 0 0 0 0 7 0 0 0 0 0 0 0 0 0 0 0 0 0 0 0 0 0 0 0 0 0 0 0 7 7 0 0 0 0 0 0 0 0 0 0 0 0 0 0 7 7 0 0 0 0 7 0 0 0 0 0 0 0 0 0 7 7 0 0 0 0 0 0 7 7 0 0 0 0 0 0 0 0 0 7 0
0 0 0 0 0 0 0 0 0 0 0 7 0 0 0 0 0 0 0 0 0 0 0 0 0 0 0 0 0 0 0 0 0 0 0 0 0 0 0 0 0 0 0 7 0 0 0 0 0 0 0 7 0 0 0 0 0 0 0 0 0 0 0 0 0 0 0 0 0 0 0 0 0 0 0 7 0 0 0 0 0 0 0 0 0 0 0 0 0 0 0 0 0 0 0 0 0 7 0 0 0 0 0 0 0 0 0 0 0 0 0 0 0 0 0 7 0 0 0 0 0 0 0 0 0 0 0 0
0 0 0 0 0 0 0 0 0 0 0 0 0 0 0 0 0 0 0 0 0 0 0 0 0 0 0 0 0 0 0 0 0 0 0 0 0 0 0 0 0 0 0 0 7 0 0 0 0 0 7 0 0 0 0 0 0 0 0 0 0 0 0 0 0 0 0 0 0 0 0 0 0 0 7 7 0 0 0 0 0 0 0 0 0 0 0 0 0 0 0 0 0 0 0 0 0 0 0 0 0 0 0 0 0 0 0 0 0 0 0 0 0 0 7 7 0 0 0 0 0 0 0 0 0 0 0 0
0 0 0 0 0 0 0 0 0 0 0 0 0 0 0 0 0 0 0 0 0 0 0 0 0 0 0 0 0 0 0 0 0 0 0 0 0 0 0 0 0 0 0 0 0 0 0 0 0 0 0 0 0 0 0 0 0 0 0 0 0 0 0 0 0 0 0 0 0 0 0 0 0 0 0 0 0 0 0 0 0 0 0 0 0 0 0 0 0 0 0 0 0 0 0 0 0 0 0 0 0 0 0 0 0 0 0 0 0 0 0 0 0 0 0 0 0 0 0 0 0 0 0 0 0 0 0 0
0 0 0 0 0 0 0 0 0 0 0 0 0 0 0 0 0 0 0 0 0 0 0 0 0 0 0 0 0 0 0 0 0 0 0 0 0 0 0 0 0 0 0 0 0 0 0 0 0 0 0 0 0 0 0 0 0 0 0 0 0 0 0 0 0 0 0 0 0 0 0 0 0 0 0 0 0 0 0 0 0 0 0 0 0 0 0 0 0 0 0 0 0 0 0 0 0 0 0 0 0 0 0 0 0 0 0 0 0 0 0 0 0 0 0 0 0 0 0 0 0 0 0 0 0 0 0 0
0 0 0 0 0 0 0 0 0 0 0 0 0 0 0 0 0 0 0 0 0 0 0 0 0 0 0 0 0 0 0 0 0 0 0 0 0 0 0 0 0 0 0 0 0 0 0 0 0 0 0 0 0 0 0 0 0 0 0 0 0 0 0 0 0 0 0 0 0 0 0 0 0 0 0 0 0 0 0 0 0 0 0 0 0 0 0 0 0 0 0 0 0 0 0 0 0 0 0 0 0 0 0 0 0 0 0 0 0 0 0 0 0 0 0 0 0 0 0 0 0 0 0 0 0 0 0 0
0 0 0 0 0 0 0 0 0 0 0 0 0 0 0 0 0 0 0 0 0 0 0 0 0 0 0 0 0 0 0 0 0 0 7 7 7 7 0 0 0 7 0 0 0 0 0 0 0 0 7 7 7 7 0 0 0 0 0 0 0 0 0 0 0 0 0 0 0 0 0 0 0 0 0 7 7 0 0 0 0 0 0 0 7 7 0 0 0 0 0 7 0 0 0 0 0 7 7 0 0 0 0 0 0 0 0 0 0 0 0 0 0 0 0 0 0 0 0 0 0 0 0 0 0 0 0 0
0 0 0 0 0 0 0 0 0 0 0 0 0 0 0 0 0 0 7 7 7 7 0 0 0 0 0 0 0 0 0 0 0 0 7 0 0 0 0 0 0 7 0 0 0 0 0 0 0 0 0 0 0 7 0 0 0 0 0 7 0 0 0 0 0 0 0 0 0 0 0 0 0 0 0 0 7 0 0 0 0 0 0 7 0 0 0 0 0 0 0 7 0 0 0 0 0 0 0 7 0 0 0 0 0 0 0 0 0 0 0 0 0 0 0 0 0 0 0 0 0 0 0 0 0 0 0 0
0 0 0 0 0 0 0 0 0 7 0 0 0 0 0 0 0 7 0 0 0 0 7 0 0 0 7 7 7 7 0 0 0 0 7 0 0 0 0 0 0 0 7 0 0 0 0 0 0 0 0 0 0 7 0 0 0 0 0 7 0 0 0 0 0 0 0 0 0 0 0 0 0 0 0 0 0 7 0 0 0 0 0 7 0 0 0 0 0 0 0 7 0 0 0 0 0 0 0 7 0 0 0 0 0 0 0 0 0 0 0 0 0 0 0 0 0 0 0 0 0 0 0 0 0 0 0 0
0 0 0 0 0 0 0 0 0 0 7 0 0 0 0 0 0 0 0 0 0 0 7 0 0 7 0 0 0 0 7 0 0 0 7 0 0 0 0 0 0 0 7 0 0 0 0 0 0 0 0 0 0 7 0 0 0 0 7 0 7 0 0 0 0 0 0 0 0 0 0 0 0 0 0 0 0 0 0 0 0 0 0 7 0 0 0 0 0 0 0 7 0 0 0 0 0 0 0 7 0 0 0 0 0 0 0 0 0 0 0 0 0 0 0 0 0 0 0 0 0 0 0 0 0 0 0 0
0 0 0 0 0 0 0 0 0 0 0 7 0 0 0 0 0 0 0 0 0 0 7 0 0 7 0 0 0 0 7 0 0 0 7 0 0 0 0 0 0 0 0 7 0 0 0 0 0 0 0 0 0 7 0 0 0 0 7 0 7 0 0 0 0 0 0 0 0 0 0 0 0 0 0 0 0 0 0 0 0 0 0 7 0 0 0 0 0 0 0 7 0 0 0 0 0 0 0 7 0 0 0 0 0 0 0 0 0 0 0 0 0 0 0 0 0 0 0 0 0 0 0 0 0 0 0 0
0 7 7 7 7 7 7 0 0 0 0 0 7 0 0 0 0 0 0 0 7 7 0 0 0 7 0 0 7 7 7 0 0 0 7 0 0 0 0 0 0 0 0 7 0 0 0 0 0 0 0 0 0 7 0 0 0 7 0 0 0 7 0 0 0 0 0 0 0 0 0 0 0 0 0 0 0 0 0 0 0 0 0 7 0 0 0 0 0 0 0 7 0 0 0 0 0 0 0 7 0 0 0 0 0 0 0 0 0 0 0 0 0 0 0 0 0 0 0 0 0 0 0 0 0 0 0 0
0 0 0 0 0 0 0 0 0 0 0 0 0 7 0 0 0 0 0 7 0 0 0 0 0 7 0 7 0 0 7 0 0 0 7 0 0 0 0 0 0 0 0 0 7 0 0 0 0 0 0 0 0 7 0 0 0 7 0 0 0 7 0 0 0 0 0 0 0 0 0 0 0 0 0 0 0 0 0 0 7 7 7 0 0 0 0 0 0 0 0 7 0 0 0 0 0 0 0 0 7 7 7 0 0 0 7 7 0 0 7 0 0 0 0 0 0 0 0 0 0 0 0 0 0 0 0 0
0 7 7 7 7 7 7 0 0 0 0 0 7 0 0 0 0 0 0 7 0 0 0 0 0 7 0 7 0 0 7 0 0 0 7 0 0 0 0 0 0 0 0 0 7 0 0 0 0 0 0 0 0 7 0 0 0 0 0 0 0 0 0 0 0 0 0 0 0 0 0 0 0 0 0 0 0 0 0 0 0 0 0 7 0 0 0 0 0 0 0 7 0 0 0 0 0 0 0 7 0 0 0 0 0 7 0 0 7 7 0 0 0 0 0 0 0 0 0 0 0 0 0 0 0 0 0 0
0 0 0 0 0 0 0 0 0 0 0 7 0 0 0 0 0 0 0 0 0 0 0 0 0 7 0 0 7 7 7 0 0 0 7 0 0 0 0 0 0 0 0 0 0 7 0 0 0 0 0 0 0 7 0 0 0 0 0 0 0 0 0 0 0 0 0 0 0 0 0 0 0 0 0 0 0 0 0 0 0 0 0 7 0 0 0 0 0 0 0 7 0 0 0 0 0 0 0 7 0 0 0 0 0 0 0 0 0 0 0 0 0 0 0 0 0 0 0 0 0 0 0 0 0 0 0 0
0 0 0 0 0 0 0 0 0 0 7 0 0 0 0 0 0 0 0 7 0 0 0 0 0 7 0 0 0 0 0 0 0 0 7 0 0 0 0 0 0 0 0 0 0 7 0 0 0 0 0 0 0 7 0 0 0 0 0 0 0 0 0 0 0 0 0 0 0 0 0 0 0 0 0 0 0 0 0 0 0 0 0 7 0 0 0 0 0 0 0 7 0 0 0 0 0 0 0 7 0 0 0 0 0 0 0 0 0 0 0 0 0 0 0 0 0 0 0 0 0 0 0 0 0 0 0 0
0 0 0 0 0 0 0 0 0 7 0 0 0 0 0 0 0 0 0 7 0 0 0 0 0 0 7 7 7 7 7 0 0 0 7 0 0 0 0 0 0 0 0 0 0 0 7 0 0 0 0 0 0 7 0 0 0 0 0 0 0 0 0 0 0 0 0 0 0 0 0 0 0 0 0 0 0 0 0 0 0 0 0 7 0 0 0 0 0 0 0 7 0 0 0 0 0 0 0 7 0 0 0 0 0 0 0 0 0 0 0 0 0 0 0 0 0 0 0 0 0 0 0 0 0 0 0 0
0 0 0 0 0 0 0 0 0 0 0 0 0 0 0 0 0 0 0 0 0 0 0 0 0 0 0 0 0 0 0 0 0 0 7 0 0 0 0 0 0 0 0 0 0 0 7 0 0 0 0 0 0 7 0 0 0 0 0 0 0 0 0 0 7 7 7 7 7 7 7 7 0 0 0 0 0 0 0 0 0 0 0 7 0 0 0 0 0 0 0 7 0 0 0 0 0 0 0 7 0 0 0 0 0 0 0 0 0 0 0 0 0 0 0 0 0 0 0 0 0 0 0 0 0 0 0 0
0 0 0 0 0 0 0 0 0 0 0 0 0 0 0 0 0 0 0 0 0 0 0 0 0 0 0 0 0 0 0 0 0 0 7 7 7 7 0 0 0 0 0 0 0 0 0 0 0 0 7 7 7 7 0 0 0 0 0 0 0 0 0 0 0 0 0 0 0 0 0 0 0 0 0 0 0 0 0 0 0 0 0 0 7 7 0 0 0 0 0 7 0 0 0 0 0 7 7 0 0 0 0 0 0 0 0 0 0 0 0 0 0 0 0 0 0 0 0 0 0 0 0 0 0 0 0 0
0 0 0 0 0 0 0 0 0 0 0 0 0 0 0 0 0 0 0 0 0 0 0 0 0 0 0 0 0 0 0 0 0 0 0 0 0 0 0 0 0 0 0 0 0 0 0 0 0 0 0 0 0 0 0 0 0 0 0 0 0 0 0 0 0 0 0 0 0 0 0 0 0 0 0 0 0 0 0 0 0 0 0 0 0 0 0 0 0 0 0 0 0 0 0 0 0 0 0 0 0 0 0 0 0 0 0 0 0 0 0 0 0 0 0 0 0 0 0 0 0 0 0 0 0 0 0 0
0 0 0 0 0 0 0 0 0 0 0 0 0 0 0 0 0 0 0 0 0 0 0 0 0 0 0 0 0 0 0 0 0 0 0 0 0 0 0 0 0 0 0 0 0 0 0 0 0 0 0 0 0 0 0 0 0 0 0 0 0 0 0 0 0 0 0 0 0 0 0 0 0 0 0 0 0 0 0 0 0 0 0 0 0 0 0 0 0 0 0 0 0 0 0 0 0 0 0 0 0 0 0 0 0 0 0 0 0 0 0 0 0 0 0 0 0 0 0 0 0 0 0 0 0 0 0 0
0 0 0 0 0 0 0 0 0 0 0 0 0 0 0 0 0 0 0 0 0 0 0 0 0 0 0 0 0 0 0 0 0 0 0 0 0 0 0 0 0 0 0 0 0 0 0 0 0 0 0 0 0 0 0 0 0 0 0 0 0 0 0 0 0 0 0 0 0 0 0 0 0 0 0 0 0 0 0 0 0 0 0 0 0 0 0 0 0 0 0 0 0 0 0 0 0 0 0 0 0 0 0 0 0 0 0 0 0 0 0 0 0 0 0 0 0 0 0 0 0 0 0 0 0 0 0 0
0 0 0 0 0 0 0 0 0 0 0 0 0 0 0 0 0 0 0 0 0 0 0 0 0 0 0 0 0 0 0 0 0 0 0 0 0 0 0 0 0 0 0 0 0 0 0 0 0 0 0 0 0 0 0 0 0 0 0 0 0 0 0 0 0 0 0 0 0 0 0 0 0 0 0 0 0 0 0 0 0 0 0 0 0 0 0 0 0 0 0 0 0 0 0 0 0 0 0 0 0 0 0 0 0 0 0 0 0 0 0 0 0 0 0 0 0 0 0 0 0 0 0 0 0 0 0 0
0 0 0 0 0 0 0 0 0 0 0 0 0 0 0 0 0 0 0 0 0 0 0 0 0 0 0 0 0 0 0 0 0 0 0 0 0 0 0 0 0 0 0 0 0 0 0 0 0 0 0 0 0 0 0 0 0 0 0 0 0 0 0 0 0 0 0 0 0 0 0 0 0 0 0 0 0 0 0 0 0 0 0 0 0 0 0 0 0 0 0 0 0 0 0 0 0 0 0 0 0 0 0 0 0 0 0 0 0 0 0 0 0 0 0 0 0 0 0 0 0 0 0 0 0 0 0 0
0 0 0 0 0 0 0 0 0 0 0 0 0 0 0 0 0 0 0 0 0 0 0 0 0 0 0 0 0 0 0 0 0 0 0 0 0 0 0 0 0 0 0 0 0 0 0 0 0 0 0 0 0 0 0 0 0 0 0 0 0 0 0 0 0 0 0 0 0 0 0 0 0 0 0 0 0 0 0 0 0 0 0 0 0 0 0 0 0 0 0 0 0 0 0 0 0 0 0 0 0 0 0 0 0 0 0 0 0 0 0 0 0 0 0 0 0 0 0 0 0 0 0 0 0 0 0 0
0 0 0 0 0 0 0 0 0 0 0 0 0 0 0 0 0 0 0 0 0 0 0 0 0 0 0 0 0 0 0 0 0 0 0 0 0 0 0 0 0 0 0 0 0 0 0 0 0 0 0 0 0 0 0 0 0 0 0 0 0 0 0 0 0 0 0 0 0 0 0 0 0 0 0 0 0 0 0 0 0 0 0 0 0 0 0 0 0 0 0 0 0 0 0 0 0 0 0 0 0 0 0 0 0 0 0 0 0 0 0 0 0 0 0 0 0 0 0 0 0 0 0 0 0 0 0 0
0 0 0 0 0 0 0 0 0 0 0 0 0 0 0 0 0 0 0 0 0 0 0 0 0 0 0 0 0 0 0 0 0 0 0 0 0 0 0 0 0 0 0 0 0 0 0 0 0 0 0 0 0 0 0 0 0 0 0 0 0 0 0 0 0 0 0 0 0 0 0 0 0 0 0 0 0 0 0 0 0 0 0 0 0 0 0 0 0 0 0 0 0 0 0 0 0 0 0 0 0 0 0 0 0 0 0 0 0 0 0 0 0 0 0 0 0 0 0 0 0 0 0 0 0 0 0 0
0 0 0 0 0 0 0 0 0 0 0 0 0 0 0 0 0 0 0 0 0 0 0 0 0 0 0 0 0 0 0 0 0 0 0 0 0 0 0 0 0 0 0 0 0 0 0 0 0 0 0 0 0 0 0 0 0 0 0 0 0 0 0 0 0 0 0 0 0 0 0 0 0 0 0 0 0 0 0 0 0 0 0 0 0 0 0 0 0 0 0 0 0 0 0 0 0 0 0 0 0 0 0 0 0 0 0 0 0 0 0 0 0 0 0 0 0 0 0 0 0 0 0 0 0 0 0 0
0 0 0 0 0 0 0 0 0 0 0 0 0 0 0 0 0 0 0 0 0 0 0 0 0 0 0 0 0 0 0 0 0 0 0 0 0 0 0 0 0 0 0 0 0 0 0 0 0 0 0 0 0 0 0 0 0 0 0 0 0 0 0 0 0 0 0 0 0 0 0 0 0 0 0 0 0 0 0 0 0 0 0 0 0 0 0 0 0 0 0 0 0 0 0 0 0 0 0 0 0 0 0 0 0 0 0 0 0 0 0 0 0 0 0 0 0 0 0 0 0 0 0 0 0 0 0 0
0 0 0 0 0 0 0 0 0 0 0 0 0 0 0 0 0 0 0 0 0 0 0 0 0 0 0 0 0 0 0 0 0 0 0 0 0 0 0 0 0 0 0 0 0 0 0 0 0 0 0 0 0 0 0 0 0 0 0 0 0 0 0 0 0 0 0 0 0 0 0 0 0 0 0 0 0 0 0 0 0 0 0 0 0 0 0 0 0 0 0 0 0 0 0 0 0 0 0 0 0 0 0 0 0 0 0 0 0 0 0 0 0 0 0 0 0 0 0 0 0 0 0 0 0 0 0 0
0 0 0 0 0 0 0 0 0 0 0 0 0 0 0 0 0 0 0 0 0 0 0 0 0 0 0 0 0 0 0 0 0 0 0 0 0 0 0 0 0 0 0 0 0 0 0 0 0 0 0 0 0 0 0 0 0 0 0 0 0 0 0 0 0 0 0 0 0 0 0 0 0 0 0 0 0 0 0 0 0 0 0 0 0 0 0 0 0 0 0 0 0 0 0 0 0 0 0 0 0 0 0 0 0 0 0 0 0 0 0 0 0 0 0 0 0 0 0 0 0 0 0 0 0 0 0 0
0 0 0 0 0 0 0 0 0 0 0 0 0 0 0 0 0 0 0 0 0 0 0 0 0 0 0 0 0 0 0 0 0 0 0 0 0 0 0 0 0 0 0 0 0 0 0 0 0 0 0 0 0 0 0 0 0 0 0 0 0 0 0 0 0 0 0 0 0 0 0 0 0 0 0 0 0 0 0 0 0 0 0 0 0 0 0 0 0 0 0 0 0 0 0 0 0 0 0 0 0 0 0 0 0 0 0 0 0 0 0 0 0 0 0 0 0 0 0 0 0 0 0 0 0 0 0 0
0 0 0 0 0 0 0 0 0 0 0 0 0 0 0 0 0 0 0 0 0 0 0 0 0 0 0 0 0 0 0 0 0 0 0 0 0 0 0 0 0 0 0 0 0 0 0 0 0 0 0 0 0 0 0 0 0 0 0 0 0 0 0 0 0 0 0 0 0 0 0 0 0 0 0 0 0 0 0 0 0 0 0 0 0 0 0 0 0 0 0 0 0 0 0 0 0 0 0 0 0 0 0 0 0 0 0 0 0 0 0 0 0 0 0 0 0 0 0 0 0 0 0 0 0 0 0 0
0 0 0 0 0 0 0 0 0 0 0 0 0 0 0 0 0 0 0 0 0 0 0 0 0 0 0 0 0 0 0 0 0 0 0 0 0 0 0 0 0 0 0 0 0 0 0 0 0 0 0 0 0 0 0 0 0 0 0 0 0 0 0 0 0 0 0 0 0 0 0 0 0 0 0 0 0 0 0 0 0 0 0 0 0 0 0 0 0 0 0 0 0 0 0 0 0 0 0 0 0 0 0 0 0 0 0 0 0 0 0 0 0 0 0 0 0 0 0 0 0 0 0 0 0 0 0 0
0 0 0 0 0 0 0 0 0 0 0 0 0 0 0 0 0 0 0 0 0 0 0 0 0 0 0 0 0 0 0 0 0 0 0 0 0 0 0 0 0 0 0 0 0 0 0 0 0 0 0 0 0 0 0 0 0 0 0 0 0 0 0 0 0 0 0 0 0 0 0 0 0 0 0 0 0 0 0 0 0 0 0 0 0 0 0 0 0 0 0 0 0 0 0 0 0 0 0 0 0 0 0 0 0 0 0 0 0 0 0 0 0 0 0 0 0 0 0 0 0 0 0 0 0 0 0 0
0 0 0 0 0 0 0 0 0 0 0 0 0 0 0 0 0 0 0 0 0 0 0 0 0 0 0 0 0 0 0 0 0 0 0 0 0 0 0 0 0 0 0 0 0 0 0 0 0 0 0 0 0 0 0 0 0 0 0 0 0 0 0 0 0 0 0 0 0 0 0 0 0 0 0 0 0 0 0 0 0 0 0 0 0 0 0 0 0 0 0 0 0 0 0 0 0 0 0 0 0 0 0 0 0 0 0 0 0 0 0 0 0 0 0 0 0 0 0 0 0 0 0 0 0 0 0 0
0 0 0 0 0 0 0 0 0 0 0 0 0 0 0 0 0 0 0 0 0 0 0 0 0 0 0 0 0 0 0 0 0 0 0 0 0 0 0 0 0 0 0 0 0 0 0 0 0 0 0 0 0 0 0 0 0 0 0 0 0 0 0 0 0 0 0 0 0 0 0 0 0 0 0 0 0 0 0 0 0 0 0 0 0 0 0 0 0 0 0 0 0 0 0 0 0 0 0 0 0 0 0 0 0 0 0 0 0 0 0 0 0 0 0 0 0 0 0 0 0 0 0 0 0 0 0 0
0 0 0 0 0 0 0 0 0 0 0 0 0 0 0 0 0 0 0 0 0 0 0 0 0 0 0 0 0 0 0 0 0 0 0 0 0 0 0 0 0 0 0 0 0 0 0 0 0 0 0 0 0 0 0 0 0 0 0 0 0 0 0 0 0 0 0 0 0 0 0 0 0 0 0 0 0 0 0 0 0 0 0 0 0 0 0 0 0 0 0 0 0 0 0 0 0 0 0 0 0 0 0 0 0 0 0 0 0 0 0 0 0 0 0 0 0 0 0 0 0 0 0 0 0 0 0 0
0 0 0 0 0 0 0 0 0 0 0 0 0 0 0 0 0 0 0 0 0 0 0 0 0 0 0 0 0 0 0 0 0 0 0 0 0 0 0 0 0 0 0 0 0 0 0 0 0 0 0 0 0 0 0 0 0 0 0 0 0 0 0 0 0 0 0 0 0 0 0 0 0 0 0 0 0 0 0 0 0 0 0 0 0 0 0 0 0 0 0 0 0 0 0 0 0 0 0 0 0 0 0 0 0 0 0 0 0 0 0 0 0 0 0 0 0 0 0 0 0 0 0 0 0 0 0 0
0 0 0 0 0 0 0 0 0 0 0 0 0 0 0 0 0 0 0 0 0 0 0 0 0 0 0 0 0 0 0 0 0 0 0 0 0 0 0 0 0 0 0 0 0 0 0 0 0 0 0 0 0 0 0 0 0 0 0 0 0 0 0 0 0 0 0 0 0 0 0 0 0 0 0 0 0 0 0 0 0 0 0 0 0 0 0 0 0 0 0 0 0 0 0 0 0 0 0 0 0 0 0 0 0 0 0 0 0 0 0 0 0 0 0 0 0 0 0 0 0 0 0 0 0 0 0 0
0 0 0 0 0 0 0 0 0 0 0 0 0 0 0 0 0 0 0 0 0 0 0 0 0 0 0 0 0 0 0 0 0 0 0 0 0 0 0 0 0 0 0 0 0 0 0 0 0 0 0 0 0 0 0 0 0 0 0 0 0 0 0 0 0 0 0 0 0 0 0 0 0 0 0 0 0 0 0 0 0 0 0 0 0 0 0 0 0 0 0 0 0 0 0 0 0 0 0 0 0 0 0 0 0 0 0 0 0 0 0 0 0 0 0 0 0 0 0 0 0 0 0 0 0 0 0 0
0 0 0 0 0 0 0 0 0 0 0 0 0 0 0 0 0 0 0 0 0 0 0 0 0 0 0 0 0 0 0 0 0 0 0 0 0 0 0 0 0 0 0 0 0 0 0 0 0 0 0 0 0 0 0 0 0 0 0 0 0 0 0 0 0 0 0 0 0 0 0 0 0 0 0 0 0 0 0 0 0 0 0 0 0 0 0 0 0 0 0 0 0 0 0 0 0 0 0 0 0 0 0 0 0 0 0 0 0 0 0 0 0 0 0 0 0 0 0 0 0 0 0 0 0 0 0 0
0 0 0 0 0 0 0 0 0 0 0 0 0 0 0 0 0 0 0 0 0 0 0 0 0 0 0 0 0 0 0 0 0 0 0 0 0 0 0 0 0 0 0 0 0 0 0 0 0 0 0 0 0 0 0 0 0 0 0 0 0 0 0 0 0 0 0 0 0 0 0 0 0 0 0 0 0 0 0 0 0 0 0 0 0 0 0 0 0 0 0 0 0 0 0 0 0 0 0 0 0 0 0 0 0 0 0 0 0 0 0 0 0 0 0 0 0 0 0 0 0 0 0 0 0 0 0 0
0 0 0 0 0 0 0 0 0 0 0 0 0 0 0 0 0 0 0 0 0 0 0 0 0 0 0 0 0 0 0 0 0 0 0 0 0 0 0 0 0 0 0 0 0 0 0 0 0 0 0 0 0 0 0 0 0 0 0 0 0 0 0 0 0 0 0 0 0 0 0 0 0 0 0 0 0 0 0 0 0 0 0 0 0 0 0 0 0 0 0 0 0 0 0 0 0 0 0 0 0 0 0 0 0 0 0 0 0 0 0 0 0 0 0 0 0 0 0 0 0 0 0 0 0 0 0 0
0 0 0 0 0 0 0 0 0 0 0 0 0 0 0 0 0 0 0 0 0 0 0 0 0 0 0 0 0 0 0 0 0 0 0 0 0 0 0 0 0 0 0 0 0 0 0 0 0 0 0 0 0 0 0 0 0 0 0 0 0 0 0 0 0 0 0 0 0 0 0 0 0 0 0 0 0 0 0 0 0 0 0 0 0 0 0 0 0 0 0 0 0 0 0 0 0 0 0 0 0 0 0 0 0 0 0 0 0 0 0 0 0 0 0 0 0 0 0 0 0 0 0 0 0 0 0 0
0 0 0 0 0 0 0 0 0 0 0 0 0 0 0 0 0 0 0 0 0 0 0 0 0 0 0 0 0 0 0 0 0 0 0 0 0 0 0 0 0 0 0 0 0 0 0 0 0 0 0 0 0 0 0 0 0 0 0 0 0 0 0 0 0 0 0 0 0 0 0 0 0 0 0 0 0 0 0 0 0 0 0 0 0 0 0 0 0 0 0 0 0 0 0 0 0 0 0 0 0 0 0 0 0 0 0 0 0 0 0 0 0 0 0 0 0 0 0 0 0 0 0 0 0 0 0 0
0 0 0 0 0 0 0 0 0 0 0 0 0 0 0 0 0 0 0 0 0 0 0 0 0 0 0 0 0 0 0 0 0 0 0 0 0 0 0 0 0 0 0 0 0 0 0 0 0 0 0 0 0 0 0 0 0 0 0 0 0 0 0 0 0 0 0 0 0 0 0 0 0 0 0 0 0 0 0 0 0 0 0 0 0 0 0 0 0 0 0 0 0 0 0 0 0 0 0 0 0 0 0 0 0 0 0 0 0 0 0 0 0 0 0 0 0 0 0 0 0 0 0 0 0 0 0 0
0 0 0 0 0 0 0 0 0 0 0 0 0 0 0 0 0 0 0 0 0 0 0 0 0 0 0 0 0 0 0 0 0 0 0 0 0 0 0 0 0 0 0 0 0 0 0 0 0 0 0 0 0 0 0 0 0 0 0 0 0 0 0 0 0 0 0 0 0 0 0 0 0 0 0 0 0 0 0 0 0 0 0 0 0 0 0 0 0 0 0 0 0 0 0 0 0 0 0 0 0 0 0 0 0 0 0 0 0 0 0 0 0 0 0 0 0 0 0 0 0 0 0 0 0 0 0 0
0 0 0 0 0 0 0 0 0 0 0 0 0 0 0 0 0 0 0 0 0 0 0 0 0 0 0 0 0 0 0 0 0 0 0 0 0 0 0 0 0 0 0 0 0 0 0 0 0 0 0 0 0 0 0 0 0 0 0 0 0 0 0 0 0 0 0 0 0 0 0 0 0 0 0 0 0 0 0 0 0 0 0 0 0 0 0 0 0 0 0 0 0 0 0 0 0 0 0 0 0 0 0 0 0 0 0 0 0 0 0 0 0 0 0 0 0 0 0 0 0 0 0 0 0 0 0 0
0 0 0 0 0 0 0 0 0 0 0 0 0 0 0 0 0 0 0 0 0 0 0 0 0 0 0 0 0 0 0 0 0 0 0 0 0 0 0 0 0 0 0 0 0 0 0 0 0 0 0 0 0 0 0 0 0 0 0 0 0 0 0 0 0 0 0 0 0 0 0 0 0 0 0 0 0 0 0 0 0 0 0 0 0 0 0 0 0 0 0 0 0 0 0 0 0 0 0 0 0 0 0 0 0 0 0 0 0 0 0 0 0 0 0 0 0 0 0 0 0 0 0 0 0 0 0 0
0 0 0 0 0 0 0 0 0 0 0 0 0 0 0 0 0 0 0 0 0 0 0 0 0 0 0 0 0 0 0 0 0 0 0 0 0 0 0 0 0 0 0 0 0 0 0 0 0 0 0 0 0 0 0 0 0 0 0 0 0 0 0 0 0 0 0 0 0 0 0 0 0 0 0 0 0 0 0 0 0 0 0 0 0 0 0 0 0 0 0 0 0 0 0 0 0 0 0 0 0 0 0 0 0 0 0 0 0 0 0 0 0 0 0 0 0 0 0 0 0 0 0 0 0 0 0 0
0 0 0 0 0 0 0 0 0 0 0 0 0 0 0 0 0 0 0 0 0 0 0 0 0 0 0 0 0 0 0 0 0 0 0 0 0 0 0 0 0 0 0 0 0 0 0 0 0 0 0 0 0 0 0 0 0 0 0 0 0 0 0 0 0 0 0 0 0 0 0 0 0 0 0 0 0 0 0 0 0 0 0 0 0 0 0 0 0 0 0 0 0 0 0 0 0 0 0 0 0 0 0 0 0 0 0 0 0 0 0 0 0 0 0 0 0 0 0 0 0 0 0 0 0 0 0 0
0 0 0 0 0 0 0 0 0 0 0 0 0 0 0 0 0 0 0 0 0 0 0 0 0 0 0 0 0 0 0 0 0 0 0 0 0 0 0 0 0 0 0 0 0 0 0 0 0 0 0 0 0 0 0 0 0 0 0 0 0 0 0 0 0 0 0 0 0 0 0 0 0 0 0 0 0 0 0 0 0 0 0 0 0 0 0 0 0 0 0 0 0 0 0 0 0 0 0 0 0 0 0 0 0 0 0 0 0 0 0 0 0 0 0 0 0 0 0 0 0 0 0 0 0 0 0 0
end paint
