paint floors 128 128
transparency 12
16 16 16 16 16 16 16 16 16 16 16 16 16 21 16 21 16 16 16 16 16 16 16 16 21 16 16 16 16 16 16 21 16 21 16 16 16 16 16 16 16 16 16 21 16 16 16 16 16 16 16 16 16 16 16 21 16 16 16 16 16 16 16 16 18 21 16 18 18 18 18 18 18 18 18 21 21 21 21 18 18 18 21 21 21 18 18 21 21 16 21 21 21 16 16 21 21 20 21 21 21 21 21 18 21 5 21 20 20 21 21 21 21 21 21 21 21 21 21 18 21 18 21 21 20 18 18 21
16 16 16 16 16 16 16 16 16 16 16 16 16 16 16 16 16 16 16 16 16 16 16 21 16 16 16 16 16 16 16 16 16 16 16 16 16 16 16 16 16 21 16 16 16 16 16 16 16 16 16 21 16 16 16 16 16 16 16 16 16 16 16 16 18 21 18 18 18 21 18 18 18 18 18 18 21 20 21 21 21 21 21 20 18 18 18 21 20 16 21 21 21 16 18 21 21 21 18 21 20 21 21 21 21 5 21 20 21 21 21 21 21 20 20 21 21 21 21 18 21 21 21 21 21 18 18 20
16 16 16 16 16 16 16 21 16 16 16 16 16 16 16 16 16 16 16 16 16 16 16 16 16 16 16 16 16 16 16 16 16 16 16 16 16 16 16 16 16 16 16 16 16 16 16 16 16 16 16 16 16 16 16 16 16 16 16 16 21 16 16 16 18 21 18 18 18 18 18 18 16 18 18 18 18 21 20 21 16 21 18 21 16 18 18 21 18 16 18 20 21 16 16 21 21 21 18 21 20 21 21 21 18 5 21 21 21 20 21 21 20 20 21 21 21 21 18 18 20 21 21 18 5 18 18 21
16 16 16 16 16 16 16 16 16 16 16 16 16 21 16 16 16 16 16 16 16 16 16 16 16 16 16 16 16 16 16 21 16 16 16 16 16 16 16 16 16 16 16 16 16 16 16 16 16 16 16 16 16 16 16 16 16 16 16 16 16 16 16 16 16 16 21 21 21 21 18 18 18 18 21 16 20 21 20 18 16 21 21 20 16 18 21 21 18 21 21 21 20 16 18 20 21 21 16 21 21 21 21 21 21 5 21 21 21 20 18 21 21 20 21 21 21 21 21 18 21 20 18 18 21 21 18 18
16 16 16 16 16 16 16 16 16 16 16 16 16 16 16 16 16 16 16 16 16 16 21 16 16 16 16 16 16 16 16 16 16 16 16 16 16 16 16 16 21 16 16 16 16 16 16 16 16 16 21 16 16 16 16 16 16 16 16 16 16 16 16 16 16 16 18 21 21 21 21 18 18 18 18 16 18 18 20 18 21 18 18 21 16 18 21 21 16 18 21 21 21 16 18 21 21 20 16 5 21 21 21 21 18 5 21 18 21 5 18 21 21 4 21 16 20 18 21 18 21 21 18 18 21 21 18 20
16 16 16 16 16 16 16 16 16 16 16 16 16 16 16 16 16 16 16 16 16 16 16 16 16 16 16 16 16 16 16 16 16 16 16 16 16 16 16 16 16 16 16 16 16 16 16 16 16 16 16 16 16 16 16 16 16 16 16 16 16 16 16 16 16 16 18 16 18 18 21 18 18 18 18 18 18 18 18 18 21 18 21 21 16 21 21 21 18 16 18 20 18 18 21 21 21 5 16 4 21 21 18 18 21 21 20 18 21 5 21 21 21 5 21 21 21 16 21 21 21 21 18 16 21 21 21 21
16 16 16 16 16 16 16 16 16 16 16 16 16 16 16 16 16 16 16 16 16 16 16 16 16 16 16 16 16 16 16 16 16 16 16 16 16 16 16 16 16 16 16 16 16 16 16 16 16 16 16 16 16 16 16 16 16 16 16 16 16 16 16 16 16 16 16 18 18 18 18 18 18 18 18 21 18 18 16 18 21 21 21 21 16 21 21 21 18 18 18 20 18 21 21 21 20 4 16 5 21 21 21 21 21 21 21 21 21 20 21 21 21 20 21 21 21 18 21 21 21 5 18 18 21 21 21 21
16 16 16 16 16 16 16 16 16 16 16 16 16 16 16 16 16 16 16 16 16 16 16 16 16 16 16 16 16 16 16 16 16 16 16 16 16 16 16 16 16 16 16 16 16 16 16 16 16 16 16 16 16 16 16 16 16 16 16 16 16 16 16 21 16 18 18 16 18 18 18 18 21 21 20 18 16 18 18 18 21 21 21 21 16 21 21 21 18 18 18 20 16 18 21 16 21 5 18 5 20 20 21 21 21 5 20 21 21 21 21 18 21 21 21 21 5 21 21 21 21 21 21 21 21 21 21 21
16 16 16 16 16 16 16 21 16 16 16 16 16 16 16 16 21 16 16 16 16 16 16 16 16 21 16 16 16 16 16 16 16 16 21 16 16 16 16 16 16 16 16 16 21 16 16 16 16 16 16 16 16 16 16 16 21 16 16 16 16 16 16 16 18 16 18 18 18 16 18 16 18 20 20 18 18 18 18 16 21 18 21 21 16 21 21 21 18 18 20 18 18 18 21 18 21 20 21 21 5 20 21 21 21 21 21 20 20 21 20 21 21 21 21 20 21 21 21 21 21 21 21 21 21 21 21 20
16 16 16 21 16 16 16 16 16 16 16 16 16 16 16 16 16 16 16 16 16 16 16 16 16 16 16 16 16 16 21 16 16 16 16 16 16 16 16 16 16 16 16 16 16 16 16 16 16 16 16 16 21 16 16 16 16 16 16 16 16 16 16 16 18 16 16 16 18 16 16 16 16 16 18 18 18 16 16 18 21 21 21 21 16 18 18 21 18 16 20 21 16 18 21 18 21 21 18 5 20 21 21 21 20 21 20 21 21 5 21 21 21 21 21 21 21 21 21 21 21 21 21 18 21 21 21 20
16 16 16 16 16 16 16 16 16 16 16 21 16 16 16 16 16 16 21 16 16 16 16 16 16 16 16 21 16 16 16 16 16 16 16 16 21 16 16 16 16 16 16 16 16 16 16 16 16 16 16 16 16 16 16 16 16 16 21 16 16 16 16 16 18 18 18 16 16 16 16 18 16 16 18 18 16 16 16 18 18 18 21 16 16 18 18 21 18 16 20 18 16 18 21 18 21 5 21 20 20 20 20 20 20 21 20 20 20 20 21 21 21 21 21 21 21 18 21 21 21 21 21 21 20 21 20 5
16 16 16 16 16 16 16 21 16 16 16 16 16 16 16 16 16 21 16 16 16 16 16 16 16 16 16 16 16 16 16 16 16 16 16 21 16 16 16 16 16 16 16 16 16 21 16 16 16 16 16 16 16 16 16 16 16 16 16 16 16 16 16 16 18 18 18 18 16 16 16 16 18 18 18 16 16 16 18 18 21 18 21 16 18 21 21 21 18 18 21 18 16 18 21 18 21 5 18 5 21 21 21 21 5 21 5 21 20 21 21 21 5 18 21 20 21 21 18 21 21 5 21 21 20 20 21 20
16 16 16 16 16 16 16 16 16 16 16 16 16 21 16 16 16 16 16 16 16 16 16 16 16 16 16 16 16 16 16 16 16 16 21 16 16 16 16 16 16 16 16 16 16 16 16 16 16 16 16 16 16 16 16 16 16 16 16 16 16 16 21 16 18 16 18 18 16 16 16 16 16 18 16 16 16 18 18 18 18 21 18 16 21 18 21 21 18 18 21 18 18 18 21 21 5 21 21 21 5 5 21 5 21 21 20 20 21 5 21 21 20 21 5 4 21 21 18 21 21 5 21 20 21 20 21 5
16 16 16 16 16 16 16 16 16 16 16 16 21 16 16 16 16 16 16 16 16 16 16 16 16 16 16 16 16 16 16 16 16 16 16 16 16 16 16 16 16 16 16 16 16 16 16 16 16 16 16 16 16 16 16 16 16 16 16 16 16 16 16 16 18 18 16 16 18 16 18 18 16 16 16 16 18 18 18 18 18 21 16 16 18 16 21 18 16 21 21 16 18 21 21 18 5 21 21 20 5 20 20 21 5 21 5 20 21 20 20 21 5 18 5 5 21 18 20 20 21 21 21 5 21 20 21 5
16 16 16 16 16 16 16 16 16 16 16 16 16 16 16 16 16 16 16 16 21 16 16 16 16 16 16 16 16 16 16 16 16 16 16 16 16 16 16 16 16 16 16 16 16 16 16 16 16 16 16 16 21 16 16 16 16 16 16 16 16 16 16 16 18 21 21 16 16 18 18 18 16 16 18 16 16 16 18 18 18 21 18 16 16 18 21 18 21 21 21 18 16 18 18 21 5 21 21 21 5 21 21 21 21 20 20 21 21 20 21 21 21 21 21 5 21 18 21 5 21 21 21 21 21 21 21 5
16 16 16 16 16 16 16 16 16 16 16 16 16 16 16 16 21 16 16 16 16 16 16 16 16 16 16 16 16 16 16 16 16 16 16 16 16 16 21 16 16 16 16 16 16 16 16 16 16 16 16 16 16 16 16 16 16 16 16 16 16 16 16 16 16 21 21 18 18 18 18 18 16 16 16 16 18 16 18 21 16 21 18 16 18 18 21 16 18 18 18 18 16 21 18 18 21 21 21 21 21 21 21 21 5 21 20 5 20 20 21 20 20 21 5 5 21 21 21 20 21 20 21 5 21 21 21 5
21 16 16 16 16 21 16 16 16 16 16 16 16 16 16 16 16 16 16 16 16 16 21 16 16 16 16 16 21 16 16 16 16 16 16 16 16 16 16 16 16 16 16 16 16 16 16 21 16 16 16 16 16 21 16 16 16 16 16 16 16 16 16 16 16 18 16 16 21 16 16 21 16 16 21 16 18 21 21 16 18 18 16 18 16 21 21 18 18 18 21 18 16 21 21 16 20 21 21 20 21 21 21 20 20 21 21 20 21 20 21 20 21 20 21 20 21 20 21 5 21 21 21 20 21 5 21 5
16 16 16 16 16 16 16 16 16 16 16 16 16 16 16 16 16 16 16 16 16 21 16 16 21 16 16 16 16 16 16 16 16 16 16 16 16 16 16 16 21 16 16 21 16 16 16 16 16 16 16 16 16 16 16 16 16 16 16 16 16 16 16 16 16 16 16 16 18 21 21 18 16 18 21 18 18 21 16 18 21 18 16 18 18 21 21 18 16 18 21 21 16 18 18 21 21 21 5 21 20 21 20 20 20 21 20 5 21 21 21 5 21 5 21 21 21 21 18 5 18 21 21 5 5 21 21 20
16 16 16 16 16 16 16 16 16 16 16 16 16 16 16 16 16 16 16 16 16 16 16 16 16 16 16 16 16 16 21 16 16 16 16 16 16 16 16 16 16 16 16 16 16 16 16 16 16 21 16 16 16 16 16 21 16 16 16 16 16 16 16 16 16 16 16 16 16 16 21 21 21 18 18 18 18 16 16 18 18 16 16 16 16 21 21 18 16 18 21 18 16 18 18 21 21 5 5 18 5 21 21 21 21 21 21 21 5 21 21 21 21 21 21 5 21 21 21 21 21 21 21 5 5 21 20 5
16 16 16 16 16 21 16 16 16 16 16 16 16 16 16 16 16 16 16 16 16 16 16 16 16 16 16 16 16 16 16 16 16 16 16 16 16 16 16 16 16 16 16 16 16 16 16 16 21 16 16 16 16 16 16 16 16 16 16 16 16 16 16 21 18 16 18 16 16 18 18 18 21 21 21 21 16 16 18 20 16 18 16 18 16 21 16 16 18 18 20 18 16 21 21 21 21 21 5 21 5 5 21 21 21 21 20 20 20 20 20 21 21 21 20 5 5 21 21 20 21 21 21 5 20 21 20 21
16 16 16 16 16 16 16 16 16 16 16 16 16 16 21 16 16 16 16 16 16 16 16 16 16 16 16 16 16 16 16 16 16 16 16 16 16 16 16 16 16 16 16 16 16 16 16 16 16 16 16 16 16 16 16 16 16 16 16 16 16 16 16 16 18 18 16 16 18 18 18 16 16 16 21 20 21 21 21 16 16 16 18 16 18 21 16 16 18 21 21 18 16 18 21 18 5 21 5 21 21 21 21 21 21 21 20 20 5 21 21 21 18 4 20 21 5 21 21 21 21 21 21 5 21 21 21 21
16 16 16 16 16 16 16 16 16 16 16 16 16 16 16 16 16 16 16 16 16 16 16 16 16 16 16 16 16 16 16 16 16 16 16 16 16 16 16 16 16 16 16 16 16 16 16 16 16 16 16 16 16 16 16 16 16 16 16 16 16 16 16 16 16 18 18 16 18 16 21 16 16 16 16 18 21 16 16 16 16 18 18 18 18 21 16 18 18 16 16 18 16 18 18 18 21 21 5 21 21 5 21 21 21 21 21 21 4 21 21 21 21 4 21 20 20 21 20 21 21 21 21 21 20 20 20 21
16 21 16 16 16 16 16 16 16 16 16 16 16 16 16 16 16 16 21 16 21 16 16 16 16 16 16 16 16 16 16 16 16 16 16 16 16 16 21 16 16 16 16 16 16 16 16 16 16 16 16 16 16 16 21 16 16 16 16 16 16 16 16 16 16 16 18 18 18 18 18 18 18 18 16 16 18 16 16 16 18 18 18 21 18 16 16 16 18 18 18 16 16 21 18 18 5 20 4 21 20 5 18 21 21 20 21 21 4 21 20 21 21 5 21 21 20 21 21 21 21 21 5 21 21 20 21 21
16 16 16 16 16 16 16 16 16 16 16 16 16 16 16 16 16 16 16 16 16 16 16 16 16 16 16 16 21 16 16 16 16 16 16 16 16 16 16 16 16 16 21 16 16 16 16 16 16 16 16 16 16 16 16 16 16 16 16 16 16 16 16 16 18 16 16 18 18 18 16 16 18 16 21 16 18 16 18 18 18 18 18 21 18 16 18 21 21 21 18 18 16 20 21 21 20 20 4 21 21 5 21 21 21 21 21 21 4 21 21 21 21 21 21 21 20 21 20 20 21 21 5 18 21 21 18 18
16 16 16 16 16 16 16 16 21 16 16 16 16 16 16 16 16 16 16 16 16 16 16 16 16 16 16 16 16 21 16 21 16 16 16 16 16 16 16 16 16 16 21 16 16 16 16 16 16 16 16 16 16 16 16 16 16 16 16 16 16 16 16 16 21 18 18 16 18 18 16 16 18 16 16 16 18 18 16 16 16 18 18 21 18 16 16 21 18 21 18 16 16 21 16 16 5 5 5 21 20 21 21 21 21 21 21 21 4 21 5 21 20 21 21 5 20 20 21 21 21 21 5 21 21 21 18 21
16 16 16 16 21 16 16 16 16 16 16 16 16 16 16 16 16 16 21 16 16 16 16 16 16 16 16 16 16 16 16 16 16 16 16 16 16 16 16 16 16 16 16 16 16 16 16 16 16 16 16 16 16 21 16 21 16 16 16 16 16 16 16 16 21 21 18 16 18 16 18 18 16 16 16 18 18 18 16 16 16 16 18 21 16 18 16 16 18 21 16 18 18 21 21 18 20 5 5 5 20 20 21 21 21 21 18 5 5 21 5 21 20 21 21 5 21 20 20 21 21 18 5 21 21 21 21 21
16 16 16 16 16 16 16 16 16 16 21 16 16 16 16 16 16 16 16 16 16 16 16 16 16 16 16 21 16 16 16 16 16 21 16 16 16 16 16 16 16 16 16 21 16 16 16 16 16 16 16 16 16 16 16 16 16 16 16 16 16 16 16 21 21 21 18 16 16 16 16 18 18 16 18 16 16 18 16 16 16 21 18 18 16 18 16 18 20 21 16 18 18 21 18 18 5 21 5 5 21 5 21 21 20 21 18 21 5 21 20 20 5 21 21 21 21 21 21 21 21 21 5 21 21 21 21 21
16 16 16 16 16 16 16 16 16 21 16 16 16 16 16 16 16 16 16 16 16 16 16 16 16 16 16 16 16 16 16 16 16 16 16 16 16 16 16 16 16 21 16 16 16 16 16 16 21 16 16 16 16 16 16 16 16 16 16 16 16 16 16 16 16 21 18 16 16 18 18 18 16 18 16 18 16 16 16 16 18 20 21 18 16 16 18 21 20 18 16 21 18 18 18 18 20 5 5 20 21 21 21 21 4 21 21 5 5 21 4 21 5 5 21 20 20 21 21 21 21 21 21 21 21 18 21 21
16 16 16 21 16 21 16 16 16 16 16 16 16 16 16 16 16 16 16 16 16 16 16 16 16 16 16 16 16 16 16 16 16 16 16 16 16 16 21 16 21 16 16 16 16 16 16 16 16 16 16 16 16 21 16 16 16 16 16 16 16 16 16 16 16 18 21 18 18 18 18 18 18 21 18 16 16 16 16 16 21 21 21 16 16 16 18 21 5 16 16 18 16 18 18 20 21 4 20 20 18 5 21 20 5 5 21 5 5 20 20 21 4 21 21 21 5 20 21 21 5 18 21 21 5 20 21 5
16 16 16 16 16 16 16 16 16 16 16 16 16 21 16 16 16 16 16 16 16 16 16 16 16 16 16 16 16 16 16 16 16 16 16 16 16 16 16 16 16 16 16 16 16 16 16 16 21 16 16 16 16 16 16 16 16 16 16 16 16 16 21 16 16 21 20 21 18 18 18 18 18 21 16 16 16 16 16 18 20 18 16 16 16 16 18 21 21 18 16 16 18 18 18 21 20 20 20 20 21 20 21 21 21 21 20 21 20 20 20 20 5 21 21 5 20 4 21 21 21 21 21 5 21 21 21 21
16 16 16 16 16 16 16 16 16 16 16 16 16 16 16 16 16 16 16 16 16 21 16 16 16 16 16 16 16 16 16 16 21 16 16 16 16 16 16 16 16 16 16 16 16 16 16 16 16 16 16 16 16 16 16 16 16 16 16 16 16 16 16 16 16 16 21 21 21 21 18 18 21 18 18 21 16 18 16 21 21 16 18 16 16 16 18 21 21 18 16 16 18 21 18 21 20 5 21 5 21 20 21 20 21 20 20 20 20 21 5 18 5 20 20 5 21 5 21 5 21 21 21 21 20 21 20 5
16 16 16 21 16 16 16 16 16 16 16 16 16 16 16 16 16 21 16 16 16 16 16 16 16 16 16 16 16 16 16 16 16 16 16 16 16 16 21 16 16 16 16 16 16 16 16 16 16 16 16 16 16 16 16 16 16 16 16 16 16 16 16 16 18 18 16 21 20 20 20 21 21 21 21 21 18 21 21 20 21 18 16 16 16 18 18 21 21 16 16 16 16 20 16 20 21 20 20 20 21 21 5 18 21 21 21 20 21 21 5 21 5 20 21 4 21 5 20 20 21 21 21 21 21 21 21 20
16 16 16 16 16 16 16 16 16 16 16 16 21 16 16 16 16 16 16 16 16 16 16 21 16 16 16 16 16 16 16 16 16 16 16 16 16 16 16 16 16 16 16 16 16 16 16 21 16 16 16 16 16 16 16 16 16 16 16 16 16 16 16 16 21 21 21 21 5 18 21 21 21 20 5 21 5 21 4 4 21 21 21 21 20 21 21 21 21 21 21 20 20 20 20 20 21 18 16 18 16 18 16 18 16 21 18 21 21 5 21 21 21 18 21 18 21 21 21 5 21 18 21 21 21 21 21 21
16 16 16 16 16 16 16 16 16 16 16 16 16 16 21 16 16 16 16 16 16 16 16 16 16 16 16 16 16 16 16 16 16 16 16 16 16 16 16 16 16 16 16 16 16 16 16 16 16 16 16 16 16 16 16 16 21 16 16 16 16 16 16 16 21 21 21 20 20 4 18 21 21 21 21 5 21 20 20 21 5 21 21 21 5 21 20 20 21 21 21 20 20 20 21 21 18 16 16 18 18 16 16 16 18 18 21 18 18 5 16 18 21 18 21 18 21 21 21 5 21 21 21 21 18 18 20 21
16 16 16 16 16 16 16 16 16 16 16 16 16 16 16 16 16 16 16 16 16 16 21 16 16 16 16 16 16 16 16 16 16 16 16 16 16 16 16 16 16 16 16 16 16 16 16 16 16 16 16 16 21 16 16 16 16 16 16 16 16 16 16 16 18 21 20 20 21 21 5 21 20 21 21 20 21 20 18 5 4 21 21 21 21 21 21 20 20 20 20 20 21 20 20 20 18 16 16 18 18 18 18 18 21 21 21 21 21 21 16 18 21 21 21 21 21 21 21 5 21 18 18 21 18 21 21 21
16 16 16 16 16 16 16 16 16 16 16 16 16 16 16 16 16 16 16 16 16 16 16 16 16 16 16 16 16 16 16 16 16 16 16 16 16 16 16 16 16 16 16 16 16 16 16 16 16 16 16 16 16 16 16 16 16 16 21 16 16 16 16 16 21 21 20 21 21 21 21 20 20 21 5 21 20 21 21 20 20 4 20 20 21 20 21 21 21 21 5 21 20 20 20 21 16 18 16 18 21 16 18 16 21 21 16 18 20 21 16 21 21 18 21 21 18 21 21 5 21 18 18 21 18 21 21 21
16 16 16 16 16 16 21 16 16 16 16 16 16 16 16 16 16 16 16 16 16 16 16 16 16 16 16 16 16 16 16 16 16 16 16 16 16 16 16 16 16 21 16 16 16 16 16 16 16 16 16 16 16 16 16 16 16 21 16 16 16 16 16 16 4 20 21 21 21 21 21 21 18 20 21 21 21 21 21 21 21 5 4 5 21 5 21 21 21 20 20 21 4 20 5 20 16 18 16 18 21 16 21 16 21 21 16 21 21 21 16 21 21 18 21 21 18 21 21 5 21 18 20 20 18 21 5 21
16 16 21 16 16 16 16 16 16 16 16 16 16 16 16 16 16 16 16 16 16 21 16 16 16 16 16 16 16 16 16 16 16 16 16 16 16 21 16 16 16 16 16 16 16 16 16 16 16 16 16 16 16 21 16 16 16 16 16 16 16 16 16 16 20 20 21 21 21 20 20 21 21 20 20 21 21 21 21 18 5 5 4 4 4 5 21 5 21 20 20 20 5 20 5 5 18 16 18 16 21 16 18 18 21 21 18 21 21 21 18 18 21 21 20 21 21 21 21 5 20 18 21 21 18 21 21 20
16 16 16 16 16 16 16 16 21 16 16 16 16 16 16 16 16 16 16 16 16 16 16 16 16 16 16 16 16 16 16 16 16 16 16 16 16 16 16 16 16 16 16 21 16 16 16 16 16 16 16 16 16 16 16 16 16 16 16 16 16 16 16 16 21 21 21 18 21 20 20 20 21 21 21 21 21 21 21 21 21 21 5 21 5 5 5 21 20 4 20 20 4 21 20 4 18 16 18 16 20 18 18 18 18 21 21 21 18 5 18 18 21 21 21 18 18 21 21 5 21 18 21 21 21 20 20 20
16 16 16 16 16 16 16 21 16 16 16 16 16 16 16 16 16 16 16 16 16 16 16 16 16 16 16 16 16 16 16 16 16 16 16 16 16 16 16 16 16 16 21 16 16 16 16 16 16 16 16 16 16 16 16 21 16 16 16 16 16 16 16 16 21 21 21 21 16 21 20 21 21 5 18 21 21 20 20 20 21 20 20 21 4 5 20 20 20 5 5 21 5 5 5 5 18 16 18 18 21 18 16 18 16 21 18 21 18 21 21 18 21 21 21 21 18 20 21 5 21 18 21 21 21 21 21 20
16 16 16 16 16 16 16 16 16 16 16 16 16 16 16 16 16 16 16 16 16 16 16 16 16 16 16 16 16 16 16 16 16 16 16 16 16 16 16 16 16 16 16 16 16 16 16 16 16 21 16 16 16 21 16 21 16 16 16 16 16 16 16 16 21 20 20 20 21 18 21 21 20 21 21 21 21 20 21 20 20 20 21 5 5 20 4 20 21 21 5 21 20 5 4 4 18 18 18 18 18 18 16 18 18 20 18 18 18 5 21 21 21 18 21 18 21 21 21 5 21 18 21 21 21 20 21 21
16 16 16 16 16 16 16 16 16 16 16 16 16 16 16 21 16 16 16 16 16 16 16 16 21 16 16 16 16 16 16 16 16 16 16 16 16 16 16 16 16 16 16 16 16 16 16 16 16 16 16 16 16 16 16 16 16 16 16 16 16 16 16 21 21 20 20 20 21 21 21 21 21 20 21 21 21 21 5 21 20 20 21 5 21 5 4 4 5 20 5 5 5 5 4 4 21 18 16 18 16 18 16 18 16 21 18 21 21 5 21 21 21 18 21 18 21 21 21 5 21 18 21 21 21 21 21 21
16 16 16 16 16 16 16 16 16 16 16 21 16 16 16 16 16 16 16 16 16 16 16 16 16 16 16 16 21 16 16 16 16 16 16 16 16 16 16 16 16 16 16 16 16 16 16 16 16 16 16 16 16 16 16 16 16 16 16 16 16 16 16 16 21 21 20 20 20 21 21 21 20 21 21 21 21 21 21 21 21 21 20 20 20 20 21 4 4 20 20 20 20 20 20 20 18 18 18 18 18 21 16 18 16 21 21 18 21 20 21 18 21 18 21 21 21 18 21 5 21 21 21 21 21 21 21 21
16 16 16 16 16 16 16 16 21 16 16 16 16 16 16 16 16 21 16 16 16 16 16 16 16 16 16 16 16 16 16 16 16 16 16 16 16 16 16 16 16 16 16 16 21 16 16 16 16 16 16 16 16 21 16 16 16 16 16 16 16 16 16 16 20 21 21 21 5 5 21 21 21 21 20 20 21 21 21 5 20 20 21 21 21 20 5 21 21 20 20 21 4 5 20 20 18 21 18 21 18 21 16 18 16 21 18 18 21 21 21 18 20 21 20 20 20 21 21 5 21 21 21 21 18 20 21 21
16 16 16 16 16 16 16 16 16 16 16 16 16 16 16 16 21 16 16 16 16 16 16 16 16 16 16 16 16 16 16 16 21 16 16 16 16 16 16 16 16 16 16 16 16 16 16 16 21 16 16 16 16 16 16 16 16 16 16 16 16 16 21 16 20 21 20 21 20 5 5 21 21 21 21 21 21 21 21 21 5 21 4 21 21 20 20 20 21 20 20 21 20 20 20 20 18 18 16 18 16 21 18 18 18 21 18 18 21 21 21 18 21 21 21 21 20 21 21 5 21 21 21 21 18 21 21 20
16 16 16 16 16 16 16 16 16 16 16 16 16 16 16 16 16 16 16 16 16 16 16 16 16 16 16 16 16 16 16 16 16 16 16 16 21 16 16 16 16 21 16 16 16 16 16 16 16 16 16 16 16 16 16 16 16 16 16 16 16 16 16 16 20 20 21 21 20 5 5 5 5 21 5 21 21 21 21 21 5 21 20 20 21 21 21 21 20 21 20 21 21 20 20 20 18 16 16 18 18 21 16 18 21 21 18 21 21 21 21 21 21 21 21 21 5 21 21 20 20 21 21 21 21 18 21 21
16 16 16 16 16 16 16 16 16 16 16 16 16 16 16 16 21 16 16 16 16 16 16 21 16 16 16 16 16 16 21 16 16 16 16 16 16 16 16 16 16 16 16 16 16 16 16 16 16 16 16 16 16 16 16 16 16 16 16 16 16 16 16 16 20 21 21 21 21 21 20 22 21 21 20 5 21 20 21 20 21 20 20 5 21 21 18 21 21 18 21 21 21 5 5 5 18 18 16 18 18 18 16 18 21 21 18 21 21 21 21 18 21 21 20 21 20 21 21 4 20 21 21 21 21 21 18 21
16 16 16 16 16 16 16 16 16 16 16 16 16 16 16 16 16 16 16 16 16 16 16 16 16 16 16 16 16 21 16 16 16 16 16 16 16 16 16 16 16 16 16 21 16 16 16 16 16 16 16 16 16 16 16 16 16 16 16 16 16 16 16 16 21 20 21 21 21 20 5 5 21 21 20 21 21 5 21 20 20 20 20 20 21 5 21 21 21 21 21 21 21 20 5 5 18 18 18 18 21 16 18 18 21 21 18 21 21 21 21 18 21 21 21 21 21 21 21 5 21 20 21 21 21 21 21 21
16 16 16 16 16 16 16 16 16 16 16 16 16 16 16 16 16 16 16 16 16 16 16 16 16 21 16 16 16 16 16 16 16 16 16 16 16 16 21 16 16 16 16 16 16 16 16 16 16 16 16 16 16 16 16 16 21 16 16 16 16 16 16 16 20 21 21 21 21 21 21 5 5 20 20 21 20 20 20 21 21 21 21 20 21 5 20 21 21 5 20 20 20 21 21 21 18 18 16 18 21 18 18 18 18 21 21 21 21 21 21 18 21 21 20 18 21 18 5 5 21 20 20 20 21 21 21 21
16 16 16 16 16 16 16 16 16 16 16 16 16 21 16 21 16 16 16 16 16 16 16 16 16 16 16 16 16 21 16 16 16 16 16 16 16 16 16 16 16 16 16 16 16 16 16 16 16 16 16 16 21 16 16 16 16 16 16 16 16 16 16 16 4 20 21 21 21 21 21 21 21 4 21 21 20 20 20 21 20 20 21 5 21 20 20 4 4 4 21 21 21 5 20 20 18 18 18 16 21 18 18 18 18 5 18 21 21 5 21 21 21 21 5 21 21 21 5 4 20 5 21 21 21 5 21 21
16 16 16 16 16 16 16 21 16 16 16 16 16 16 16 16 16 16 16 16 16 16 16 16 16 16 16 16 16 16 16 16 16 16 16 16 16 16 16 16 16 16 16 16 16 16 16 16 16 16 16 16 16 16 16 16 16 16 21 16 16 16 16 16 20 20 20 20 20 20 20 20 20 20 20 20 20 20 20 20 20 20 21 20 5 20 21 4 4 21 21 20 20 22 20 20 18 18 18 18 21 18 16 21 16 21 21 21 21 21 21 18 21 21 21 18 21 21 21 4 21 20 21 18 21 21 21 20
16 16 16 21 16 16 16 16 16 16 16 16 16 16 16 16 16 16 16 16 16 16 16 16 16 16 16 16 16 16 16 16 16 16 16 16 16 16 16 16 16 16 16 16 16 21 16 16 16 16 16 16 16 16 16 16 16 21 16 16 16 16 16 16 21 20 21 20 20 20 21 5 21 21 4 20 21 20 21 20 21 20 21 20 5 5 21 20 20 20 5 4 4 20 20 21 18 16 18 18 18 18 18 18 18 21 21 21 20 20 21 21 18 21 21 21 20 20 21 20 21 21 18 21 21 21 21 20
16 16 16 16 16 16 16 16 16 21 16 16 16 21 16 16 16 16 16 16 16 16 16 16 16 16 16 16 16 16 16 16 21 16 16 16 16 16 16 16 16 16 16 16 16 16 16 16 16 16 16 16 16 16 16 16 16 16 16 16 16 16 16 16 21 20 21 21 5 21 21 21 20 20 5 20 5 20 20 20 20 21 5 21 20 20 4 20 21 21 20 20 20 20 21 21 18 18 18 21 18 18 18 18 18 21 21 21 21 21 20 18 21 21 21 21 21 21 20 4 21 21 21 21 21 21 20 20
16 16 16 16 16 16 21 16 16 16 16 16 16 16 16 16 16 16 16 16 16 16 21 16 16 16 16 16 21 16 16 16 16 16 16 16 16 16 16 16 16 16 16 16 16 16 16 16 16 16 16 16 16 16 16 16 16 16 16 16 16 16 16 16 21 20 20 20 4 21 21 21 21 21 5 4 21 21 20 21 21 21 20 4 21 20 5 5 21 5 20 21 21 21 21 21 18 21 18 21 21 16 21 18 21 21 21 21 20 5 21 18 21 21 21 21 21 21 21 5 20 21 21 21 18 20 20 21
16 16 16 16 16 16 16 16 16 16 16 16 16 16 16 16 16 16 16 16 16 16 16 16 21 16 16 16 16 16 16 16 16 16 21 16 16 16 16 16 16 16 16 16 16 16 16 16 16 16 16 16 16 16 16 16 21 16 16 16 16 16 16 16 21 20 20 20 21 21 21 20 20 20 21 20 21 21 21 21 5 21 21 5 21 21 4 21 18 4 20 20 21 20 5 21 18 18 18 21 21 18 18 21 18 21 20 21 21 21 20 21 21 21 20 20 21 21 20 20 21 21 21 21 21 21 21 20
16 16 16 16 16 16 16 16 16 16 16 16 16 16 16 16 16 16 16 16 16 16 16 16 16 16 16 16 16 16 16 16 16 16 16 16 16 16 16 16 16 16 21 16 16 16 16 16 16 21 16 16 21 16 16 16 16 16 16 16 16 16 16 16 20 20 20 20 20 20 20 20 21 21 21 5 5 21 21 21 21 21 21 21 21 20 21 5 21 5 21 20 21 21 5 20 18 18 18 21 21 16 18 21 21 5 21 21 21 21 21 21 18 5 21 20 21 21 5 5 21 21 20 21 21 21 5 20
16 16 16 16 16 16 16 16 16 16 16 16 16 16 16 16 16 16 16 16 16 16 16 16 16 16 16 16 16 16 16 16 16 16 16 16 16 16 16 16 21 16 16 16 16 21 16 16 16 16 16 16 16 16 16 16 16 16 21 16 16 16 16 16 5 21 21 21 21 20 20 20 21 5 20 4 5 20 20 21 21 21 21 21 5 20 21 5 18 21 5 21 21 5 21 20 21 18 18 21 21 18 21 21 21 5 21 21 21 21 21 21 18 5 21 18 20 21 5 4 20 21 21 21 20 20 5 21
16 16 16 16 16 16 16 16 16 16 16 16 16 16 16 16 21 16 16 16 16 16 16 16 16 16 16 16 16 16 16 16 16 16 16 16 16 16 16 16 16 16 16 16 16 16 16 16 16 16 16 16 16 16 16 16 16 16 16 16 16 16 21 16 5 21 21 21 21 20 21 20 20 5 20 21 5 21 20 20 20 20 21 5 5 5 20 5 21 21 5 5 20 20 21 20 21 18 18 21 21 16 21 18 21 21 5 21 21 21 18 20 18 5 21 21 20 20 20 5 21 21 21 21 20 21 20 20
16 16 16 16 16 16 16 16 16 16 16 16 16 16 16 16 16 16 16 16 16 16 16 16 16 16 16 16 16 16 16 16 16 21 16 16 16 16 16 16 16 16 21 16 16 16 16 16 16 16 16 16 16 16 16 16 16 16 16 16 16 16 16 16 21 21 21 21 21 20 20 5 21 4 5 21 5 5 20 20 20 21 21 21 5 5 20 5 21 21 5 20 21 5 21 21 18 16 18 20 21 16 18 18 18 5 21 21 21 5 18 21 21 5 21 21 21 21 21 5 21 21 21 21 21 20 20 20
16 16 16 16 16 16 16 16 16 16 16 16 16 16 16 16 16 16 21 16 16 16 16 16 16 16 16 16 16 16 16 16 16 16 16 16 16 16 16 16 16 16 16 16 16 16 16 16 16 16 16 16 16 16 16 16 16 16 16 16 16 16 16 16 20 21 5 21 20 20 21 4 20 20 21 20 20 4 20 20 20 5 21 21 20 20 21 4 21 5 5 20 5 5 21 21 21 16 18 21 21 16 18 21 21 21 21 21 21 5 18 21 21 20 18 21 21 21 21 5 21 21 21 21 21 21 5 5
16 16 16 16 16 16 16 16 16 16 16 16 16 16 16 16 16 21 16 16 16 16 16 16 16 16 16 21 16 16 16 16 16 16 16 16 16 16 16 16 16 16 16 16 16 16 16 16 16 16 16 16 16 16 16 16 16 16 16 16 16 16 16 16 5 21 20 21 20 5 20 20 5 20 20 20 20 4 21 20 21 20 21 21 21 21 21 5 21 20 20 20 21 21 21 4 18 18 18 21 5 18 21 21 21 21 21 21 21 5 18 21 21 18 21 21 21 5 21 5 21 21 21 21 5 21 5 21
16 16 16 16 16 16 16 21 16 16 16 16 16 16 16 16 16 16 16 16 16 16 16 16 16 16 16 16 16 16 16 16 16 16 16 16 16 16 16 16 16 16 16 16 16 16 16 16 16 16 16 16 16 16 16 16 21 16 16 16 16 16 16 16 21 20 20 5 5 21 5 20 4 21 21 21 20 20 5 21 21 21 21 21 18 21 21 21 20 4 20 20 20 21 5 20 21 16 18 18 21 16 18 18 18 5 21 21 21 21 21 18 5 18 21 21 21 5 21 5 5 21 5 21 20 21 21 5
16 16 16 21 16 16 16 16 16 16 16 16 16 16 16 16 16 16 16 16 16 16 16 21 16 16 16 16 16 16 16 16 16 16 16 16 16 21 16 16 16 16 16 16 16 16 16 16 16 16 16 16 16 16 16 16 16 16 16 16 16 16 16 16 21 5 21 5 21 20 20 20 20 5 21 20 20 20 4 21 5 21 20 20 20 21 21 20 20 5 20 20 20 20 4 20 21 16 18 21 21 18 21 18 21 20 21 21 21 21 21 21 20 21 18 21 21 21 21 5 20 21 21 21 5 21 21 21
16 16 16 16 16 16 16 16 16 16 16 16 16 16 16 16 16 16 16 16 16 16 16 16 16 16 16 16 16 16 16 16 16 16 16 16 16 16 16 16 16 16 16 16 16 16 16 16 16 16 16 16 16 16 16 16 16 16 16 16 16 16 16 16 21 5 21 5 21 20 20 20 20 4 20 5 5 20 5 21 5 21 5 5 5 21 21 21 21 21 20 21 20 21 4 20 21 18 18 18 21 18 18 18 21 5 21 21 21 21 21 21 21 20 18 21 21 21 21 5 21 21 21 21 21 21 21 21
5 21 21 21 5 21 21 16 16 16 18 21 21 21 21 5 21 21 16 16 18 21 5 5 5 5 5 5 5 21 5 16 16 21 21 21 21 16 21 21 21 21 21 21 21 21 21 21 21 16 16 16 16 16 21 21 21 21 21 21 21 21 21 21 12 12 12 12 12 12 12 12 12 12 12 12 12 12 12 12 12 12 12 12 12 12 12 12 12 12 12 12 12 12 12 12 12 12 12 12 12 12 12 12 12 12 12 12 12 12 12 12 12 12 12 12 12 12 12 12 12 12 12 12 12 12 12 12
5 5 21 21 5 5 5 21 16 16 21 5 5 5 5 21 21 21 16 16 21 21 5 5 5 5 5 22 5 5 21 21 16 16 21 21 21 16 16 21 21 21 21 21 21 21 21 21 21 16 16 16 21 21 21 21 21 21 21 21 21 21 21 21 12 12 12 12 12 12 12 12 12 12 12 12 12 12 12 12 12 12 12 12 12 12 12 12 12 12 12 12 12 12 12 12 12 12 12 12 12 12 12 12 12 12 12 12 12 12 12 12 12 12 12 12 12 12 12 12 12 12 12 12 12 12 12 12
5 5 21 21 5 5 21 21 16 21 21 5 5 5 5 21 21 16 16 16 21 21 5 5 5 5 5 5 5 5 21 21 16 16 16 21 21 16 16 21 21 21 21 21 21 21 21 21 21 16 16 16 21 21 21 16 21 21 21 21 16 16 21 21 12 12 12 12 12 12 12 12 12 12 12 12 12 12 12 12 12 12 12 12 12 12 12 12 12 12 12 12 12 12 12 12 12 12 12 12 12 12 12 12 12 12 12 12 12 12 12 12 12 12 12 12 12 12 12 12 12 12 12 12 12 12 12 12
5 5 5 21 21 21 21 16 16 21 5 5 5 5 5 5 21 16 16 16 21 5 5 5 5 5 5 5 5 5 21 21 16 16 16 21 21 21 16 16 21 5 5 5 5 21 21 21 21 16 16 21 21 21 21 21 21 21 21 16 21 21 21 21 12 12 12 12 12 12 12 12 12 12 12 12 12 12 12 12 12 12 12 12 12 12 12 12 12 12 12 12 12 12 12 12 12 12 12 12 12 12 12 12 12 12 12 12 12 12 12 12 12 12 12 12 12 12 12 12 12 12 12 12 12 12 12 12
5 5 21 21 16 21 16 16 5 5 21 16 5 5 5 5 21 16 16 16 21 21 5 22 5 5 5 5 5 5 5 5 16 21 16 21 21 21 21 16 21 21 5 5 5 5 21 21 21 21 21 5 21 21 5 5 5 21 21 16 16 21 21 21 12 12 12 12 12 12 12 12 12 12 12 12 12 12 12 12 12 12 12 12 12 12 12 12 12 12 12 12 12 12 12 12 12 12 12 12 12 12 12 12 12 12 12 12 12 12 12 12 12 12 12 12 12 12 12 12 12 12 12 12 12 12 12 12
5 5 21 21 16 16 16 21 21 5 5 21 5 21 5 5 21 16 16 21 21 5 5 21 5 21 5 5 5 5 21 21 21 16 16 21 21 21 21 21 21 5 5 5 5 5 5 21 21 21 21 5 5 5 21 5 5 21 21 16 16 16 21 21 12 12 12 12 12 12 12 12 12 12 12 12 12 12 12 12 12 12 12 12 12 12 12 12 12 12 12 12 12 12 12 12 12 12 12 12 12 12 12 12 12 12 12 12 12 12 12 12 12 12 12 12 12 12 12 12 12 12 12 12 12 12 12 12
5 5 21 21 16 16 21 21 21 21 21 5 21 21 21 21 5 16 21 5 22 5 5 5 21 21 21 21 21 21 21 21 21 16 21 21 21 21 21 21 21 5 5 5 5 5 21 21 16 21 21 5 5 21 21 5 5 16 16 21 16 16 21 21 12 12 12 12 12 12 12 12 12 12 12 12 12 12 12 12 12 12 12 12 12 12 12 12 12 12 12 12 12 12 12 12 12 12 12 12 12 12 12 12 12 12 12 12 12 12 12 12 12 12 12 12 12 12 12 12 12 12 12 12 12 12 12 12
5 21 21 21 21 21 16 21 21 21 5 21 5 21 21 21 16 16 5 22 5 5 5 21 21 21 21 21 21 21 21 5 16 21 21 21 5 5 21 21 5 5 5 5 5 5 21 16 16 21 21 5 5 21 21 21 21 16 21 16 16 16 16 16 12 12 12 12 12 12 12 12 12 12 12 12 12 12 12 12 12 12 12 12 12 12 12 12 12 12 12 12 12 12 12 12 12 12 12 12 12 12 12 12 12 12 12 12 12 12 12 12 12 12 12 12 12 12 12 12 12 12 12 12 12 12 12 12
21 21 21 5 21 21 5 5 21 5 21 5 21 5 21 21 21 5 5 22 22 5 5 21 21 21 21 5 21 21 21 21 16 16 21 21 21 21 21 21 5 5 21 5 5 21 16 16 16 21 21 21 21 5 21 16 21 21 21 16 16 21 16 16 12 12 12 12 12 12 12 12 12 12 12 12 12 12 12 12 12 12 12 12 12 12 12 12 12 12 12 12 12 12 12 12 12 12 12 12 12 12 12 12 12 12 12 12 12 12 12 12 12 12 12 12 12 12 12 12 12 12 12 12 12 12 12 12
21 21 21 16 5 21 5 5 5 5 5 21 5 5 21 21 5 5 22 5 5 5 5 21 21 16 21 5 5 21 21 21 16 16 16 16 16 21 21 21 21 21 21 5 21 16 16 16 21 21 5 21 21 5 21 16 16 16 21 16 16 21 21 21 12 12 12 12 12 12 12 12 12 12 12 12 12 12 12 12 12 12 12 12 12 12 12 12 12 12 12 12 12 12 12 12 12 12 12 12 12 12 12 12 12 12 12 12 12 12 12 12 12 12 12 12 12 12 12 12 12 12 12 12 12 12 12 12
21 21 21 16 16 21 5 5 21 5 5 21 5 5 21 21 5 5 5 5 5 5 5 21 5 21 21 5 5 21 21 21 16 16 16 16 21 21 21 21 21 21 21 21 16 0 0 16 16 21 21 21 21 21 21 21 16 16 0 0 21 21 16 16 12 12 12 12 12 12 12 12 12 12 12 12 12 12 12 12 12 12 12 12 12 12 12 12 12 12 12 12 12 12 12 12 12 12 12 12 12 12 12 12 12 12 12 12 12 12 12 12 12 12 12 12 12 12 12 12 12 12 12 12 12 12 12 12
21 21 21 16 21 21 21 21 21 5 5 5 5 5 21 21 21 5 5 5 5 5 5 21 5 21 21 21 5 21 21 21 21 16 0 16 16 21 21 21 21 21 21 16 16 0 16 16 16 21 21 21 21 21 21 16 16 0 0 16 21 21 16 16 12 12 12 12 12 12 12 12 12 12 12 12 12 12 12 12 12 12 12 12 12 12 12 12 12 12 12 12 12 12 12 12 12 12 12 12 12 12 12 12 12 12 12 12 12 12 12 12 12 12 12 12 12 12 12 12 12 12 12 12 12 12 12 12
5 21 5 21 5 21 21 21 5 5 5 5 21 21 21 5 5 5 22 22 22 5 5 5 21 21 21 21 5 21 21 21 21 21 16 0 16 16 21 21 21 21 21 16 16 16 16 16 21 21 16 21 21 21 21 16 16 21 21 16 16 21 21 16 12 12 12 12 12 12 12 12 12 12 12 12 12 12 12 12 12 12 12 12 12 12 12 12 12 12 12 12 12 12 12 12 12 12 12 12 12 12 12 12 12 12 12 12 12 12 12 12 12 12 12 12 12 12 12 12 12 12 12 12 12 12 12 12
5 5 5 5 21 5 21 5 5 21 5 5 21 21 21 5 5 5 5 5 5 5 5 21 5 21 5 5 5 21 21 21 21 21 16 16 21 16 21 21 21 21 16 16 16 16 21 21 21 21 21 21 16 21 21 21 16 21 21 21 16 21 21 16 12 12 12 12 12 12 12 12 12 12 12 12 12 12 12 12 12 12 12 12 12 12 12 12 12 12 12 12 12 12 12 12 12 12 12 12 12 12 12 12 12 12 12 12 12 12 12 12 12 12 12 12 12 12 12 12 12 12 12 12 12 12 12 12
21 5 5 5 5 5 5 5 5 21 21 21 21 21 5 5 5 5 5 5 22 5 5 21 21 5 5 5 5 21 21 21 16 21 21 21 5 5 16 16 16 16 16 21 21 21 21 21 5 21 21 21 16 16 16 21 21 16 16 21 21 21 16 16 12 12 12 12 12 12 12 12 12 12 12 12 12 12 12 12 12 12 12 12 12 12 12 12 12 12 12 12 12 12 12 12 12 12 12 12 12 12 12 12 12 12 12 12 12 12 12 12 12 12 12 12 12 12 12 12 12 12 12 12 12 12 12 12
5 5 5 5 5 5 5 5 5 21 21 21 16 21 5 5 5 5 5 5 5 5 5 5 21 5 5 5 5 21 21 21 21 21 16 21 21 5 21 16 16 16 21 21 21 21 5 21 5 5 21 21 16 16 16 21 21 16 16 21 21 21 16 16 12 12 12 12 12 12 12 12 12 12 12 12 12 12 12 12 12 12 12 12 12 12 12 12 12 12 12 12 12 12 12 12 12 12 12 12 12 12 12 12 12 12 12 12 12 12 12 12 12 12 12 12 12 12 12 12 12 12 12 12 12 12 12 12
5 5 5 5 5 5 5 5 21 21 16 16 16 21 5 21 5 5 5 5 5 5 5 5 21 21 5 5 5 5 21 5 21 21 21 21 21 21 21 16 16 16 21 21 5 21 21 21 5 5 21 16 16 16 16 21 21 21 21 21 21 16 16 16 12 12 12 12 12 12 12 12 12 12 12 12 12 12 12 12 12 12 12 12 12 12 12 12 12 12 12 12 12 12 12 12 12 12 12 12 12 12 12 12 12 12 12 12 12 12 12 12 12 12 12 12 12 12 12 12 12 12 12 12 12 12 12 12
5 5 5 5 5 5 21 5 21 18 16 16 16 21 5 5 21 5 21 21 5 5 5 5 21 21 5 5 5 21 21 21 16 16 21 21 16 21 16 16 16 0 16 21 5 21 21 21 5 21 21 16 16 16 16 21 21 21 21 16 16 21 21 21 12 12 12 12 12 12 12 12 12 12 12 12 12 12 12 12 12 12 12 12 12 12 12 12 12 12 12 12 12 12 12 12 12 12 12 12 12 12 12 12 12 12 12 12 12 12 12 12 12 12 12 12 12 12 12 12 12 12 12 12 12 12 12 12
5 5 5 5 5 5 5 5 5 18 16 16 21 21 5 5 5 21 5 21 21 21 5 21 21 21 21 5 5 5 21 21 16 21 5 21 21 21 16 16 16 0 16 21 21 21 21 5 5 21 21 16 16 21 21 16 21 16 21 16 16 21 21 21 12 12 12 12 12 12 12 12 12 12 12 12 12 12 12 12 12 12 12 12 12 12 12 12 12 12 12 12 12 12 12 12 12 12 12 12 12 12 12 12 12 12 12 12 12 12 12 12 12 12 12 12 12 12 12 12 12 12 12 12 12 12 12 12
5 5 5 5 5 5 5 5 21 18 16 21 21 5 5 5 5 5 21 21 16 21 5 21 21 5 5 21 5 5 5 5 21 21 21 16 16 21 16 0 0 0 16 16 21 21 21 21 21 21 21 21 21 21 21 21 21 21 21 21 21 21 21 21 12 12 12 12 12 12 12 12 12 12 12 12 12 12 12 12 12 12 12 12 12 12 12 12 12 12 12 12 12 12 12 12 12 12 12 12 12 12 12 12 12 12 12 12 12 12 12 12 12 12 12 12 12 12 12 12 12 12 12 12 12 12 12 12
5 5 5 5 5 5 21 21 21 16 16 21 5 5 5 5 5 5 5 21 21 21 21 21 21 5 5 5 5 5 5 5 16 16 21 16 16 21 16 0 0 16 16 16 21 21 21 21 21 21 21 21 21 21 21 21 21 21 21 21 21 21 21 21 12 12 12 12 12 12 12 12 12 12 12 12 12 12 12 12 12 12 12 12 12 12 12 12 12 12 12 12 12 12 12 12 12 12 12 12 12 12 12 12 12 12 12 12 12 12 12 12 12 12 12 12 12 12 12 12 12 12 12 12 12 12 12 12
5 5 5 21 5 5 21 21 16 16 21 21 5 5 5 5 5 5 5 5 21 21 21 21 21 5 5 5 5 5 5 5 16 21 16 21 21 21 16 16 16 16 16 16 16 16 21 21 21 21 21 21 21 21 16 16 21 21 21 21 21 21 21 16 12 12 12 12 12 12 12 12 12 12 12 12 12 12 12 12 12 12 12 12 12 12 12 12 12 12 12 12 12 12 12 12 12 12 12 12 12 12 12 12 12 12 12 12 12 12 12 12 12 12 12 12 12 12 12 12 12 12 12 12 12 12 12 12
5 5 5 5 5 21 21 16 21 21 21 5 5 5 5 5 5 5 5 21 21 18 21 21 21 5 5 5 5 5 5 5 21 21 21 21 21 21 16 16 16 16 16 16 16 16 21 21 21 21 21 21 21 21 21 16 16 16 21 21 21 16 16 16 12 12 12 12 12 12 12 12 12 12 12 12 12 12 12 12 12 12 12 12 12 12 12 12 12 12 12 12 12 12 12 12 12 12 12 12 12 12 12 12 12 12 12 12 12 12 12 12 12 12 12 12 12 12 12 12 12 12 12 12 12 12 12 12
5 21 18 16 21 21 16 21 21 21 21 5 5 5 5 5 5 5 5 5 5 5 21 21 21 5 5 5 5 21 21 5 21 21 21 16 21 16 16 16 16 16 16 16 16 21 21 21 21 21 21 21 21 21 21 16 16 16 21 21 21 16 16 16 12 12 12 12 12 12 12 12 12 12 12 12 12 12 12 12 12 12 12 12 12 12 12 12 12 12 12 12 12 12 12 12 12 12 12 12 12 12 12 12 12 12 12 12 12 12 12 12 12 12 12 12 12 12 12 12 12 12 12 12 12 12 12 12
5 21 16 16 21 21 21 16 16 21 21 5 5 5 5 21 22 5 5 5 22 5 5 21 21 5 5 5 5 21 5 5 21 16 21 16 21 5 16 16 16 16 16 16 21 21 21 21 21 21 21 21 21 21 21 21 16 16 16 16 16 16 16 16 12 12 12 12 12 12 12 12 12 12 12 12 12 12 12 12 12 12 12 12 12 12 12 12 12 12 12 12 12 12 12 12 12 12 12 12 12 12 12 12 12 12 12 12 12 12 12 12 12 12 12 12 12 12 12 12 12 12 12 12 12 12 12 12
21 21 21 21 21 5 21 16 16 16 16 5 5 5 5 5 5 5 5 21 5 5 5 21 21 21 5 5 5 21 21 5 16 21 16 16 21 21 16 16 16 16 16 16 16 21 21 21 21 21 21 21 21 21 21 21 16 16 0 16 16 21 21 21 12 12 12 12 12 12 12 12 12 12 12 12 12 12 12 12 12 12 12 12 12 12 12 12 12 12 12 12 12 12 12 12 12 12 12 12 12 12 12 12 12 12 12 12 12 12 12 12 12 12 12 12 12 12 12 12 12 12 12 12 12 12 12 12
21 21 21 21 21 5 16 16 16 16 16 21 5 5 22 5 22 5 5 5 5 5 5 21 21 21 21 5 5 21 21 5 16 21 16 16 21 21 16 16 16 16 16 16 16 21 21 21 5 21 21 21 21 21 21 16 16 0 0 16 21 21 21 21 12 12 12 12 12 12 12 12 12 12 12 12 12 12 12 12 12 12 12 12 12 12 12 12 12 12 12 12 12 12 12 12 12 12 12 12 12 12 12 12 12 12 12 12 12 12 12 12 12 12 12 12 12 12 12 12 12 12 12 12 12 12 12 12
21 18 21 21 21 21 16 16 16 16 16 21 21 5 5 5 5 5 5 5 5 22 5 16 16 21 21 5 5 5 21 21 16 21 16 16 16 21 16 16 16 16 21 16 16 16 21 21 21 21 21 21 21 16 16 16 16 0 16 16 21 21 21 21 12 12 12 12 12 12 12 12 12 12 12 12 12 12 12 12 12 12 12 12 12 12 12 12 12 12 12 12 12 12 12 12 12 12 12 12 12 12 12 12 12 12 12 12 12 12 12 12 12 12 12 12 12 12 12 12 12 12 12 12 12 12 12 12
18 18 21 21 5 16 16 16 16 16 16 21 21 5 5 5 21 21 5 5 22 5 21 16 16 5 21 5 5 5 5 21 21 16 16 16 16 21 21 16 16 16 16 16 16 16 21 21 21 21 16 16 16 16 16 21 21 16 16 16 21 21 21 21 12 12 12 12 12 12 12 12 12 12 12 12 12 12 12 12 12 12 12 12 12 12 12 12 12 12 12 12 12 12 12 12 12 12 12 12 12 12 12 12 12 12 12 12 12 12 12 12 12 12 12 12 12 12 12 12 12 12 12 12 12 12 12 12
21 21 21 21 5 21 21 16 16 16 16 16 21 5 5 5 21 5 5 5 22 5 16 21 5 16 21 5 5 5 5 5 21 21 16 21 21 21 21 16 16 16 16 16 16 16 16 21 21 21 21 16 16 16 21 21 21 16 16 21 21 21 21 21 12 12 12 12 12 12 12 12 12 12 12 12 12 12 12 12 12 12 12 12 12 12 12 12 12 12 12 12 12 12 12 12 12 12 12 12 12 12 12 12 12 12 12 12 12 12 12 12 12 12 12 12 12 12 12 12 12 12 12 12 12 12 12 12
5 5 21 21 5 5 16 16 16 16 16 16 5 5 5 5 5 5 5 5 5 5 16 21 5 21 5 5 5 5 5 5 21 16 21 21 21 21 21 21 16 16 16 16 16 16 16 16 21 21 21 16 16 21 21 21 16 16 16 21 21 21 21 21 12 12 12 12 12 12 12 12 12 12 12 12 12 12 12 12 12 12 12 12 12 12 12 12 12 12 12 12 12 12 12 12 12 12 12 12 12 12 12 12 12 12 12 12 12 12 12 12 12 12 12 12 12 12 12 12 12 12 12 12 12 12 12 12
16 16 21 5 5 21 16 16 18 21 21 16 5 21 5 5 5 5 5 22 5 5 16 21 21 5 5 5 22 22 5 5 21 16 21 21 21 21 16 16 16 16 16 16 16 16 16 16 16 16 21 16 16 21 21 21 16 16 16 21 21 21 21 21 12 12 12 12 12 12 12 12 12 12 12 12 12 12 12 12 12 12 12 12 12 12 12 12 12 12 12 12 12 12 12 12 12 12 12 12 12 12 12 12 12 12 12 12 12 12 12 12 12 12 12 12 12 12 12 12 12 12 12 12 12 12 12 12
16 16 16 21 21 16 16 16 16 16 16 16 21 16 16 16 16 16 16 16 21 16 16 16 16 16 16 16 16 16 16 16 21 5 5 22 22 5 5 21 21 21 21 5 21 21 21 21 21 5 5 21 5 21 16 16 16 16 21 21 5 5 5 21 12 12 12 12 12 12 12 12 12 12 12 12 12 12 12 12 12 12 12 12 12 12 12 12 12 12 12 12 12 12 12 12 12 12 12 12 12 12 12 12 12 12 12 12 12 12 12 12 12 12 12 12 12 12 12 12 12 12 12 12 12 12 12 12
16 16 16 21 21 16 16 16 16 16 16 16 16 16 16 16 16 16 16 16 16 16 21 21 21 16 16 16 16 16 16 21 5 5 22 5 5 5 5 21 21 16 21 5 5 21 21 21 21 21 5 5 21 21 16 16 16 16 21 21 5 5 5 5 12 12 12 12 12 12 12 12 12 12 12 12 12 12 12 12 12 12 12 12 12 12 12 12 12 12 12 12 12 12 12 12 12 12 12 12 12 12 12 12 12 12 12 12 12 12 12 12 12 12 12 12 12 12 12 12 12 12 12 12 12 12 12 12
21 21 21 21 21 21 21 16 16 21 21 21 16 16 21 21 21 21 21 16 16 16 16 16 16 16 16 16 16 16 16 16 5 5 5 5 5 5 5 21 5 21 21 5 5 21 21 21 16 21 21 5 21 16 16 16 16 16 21 5 5 21 5 21 12 12 12 12 12 12 12 12 12 12 12 12 12 12 12 12 12 12 12 12 12 12 12 12 12 12 12 12 12 12 12 12 12 12 12 12 12 12 12 12 12 12 12 12 12 12 12 12 12 12 12 12 12 12 12 12 12 12 12 12 12 12 12 12
21 21 21 21 21 21 16 16 16 21 21 21 16 16 21 21 21 21 21 21 21 21 21 16 16 16 16 16 16 16 16 16 21 5 5 5 5 5 5 21 5 21 21 21 5 21 21 21 21 21 21 16 16 16 16 21 21 16 21 21 21 21 21 21 12 12 12 12 12 12 12 12 12 12 12 12 12 12 12 12 12 12 12 12 12 12 12 12 12 12 12 12 12 12 12 12 12 12 12 12 12 12 12 12 12 12 12 12 12 12 12 12 12 12 12 12 12 12 12 12 12 12 12 12 12 12 12 12
21 21 21 21 21 21 16 16 21 21 21 21 16 0 21 21 21 21 21 21 21 21 21 16 21 21 16 16 16 16 16 16 5 5 22 22 22 5 5 5 21 21 21 21 5 21 21 21 5 21 21 16 16 16 21 5 21 21 5 21 21 21 5 5 12 12 12 12 12 12 12 12 12 12 12 12 12 12 12 12 12 12 12 12 12 12 12 12 12 12 12 12 12 12 12 12 12 12 12 12 12 12 12 12 12 12 12 12 12 12 12 12 12 12 12 12 12 12 12 12 12 12 12 12 12 12 12 12
21 21 21 21 21 16 16 21 21 21 21 16 16 16 16 21 21 21 21 21 21 21 21 21 21 21 21 16 16 16 16 16 5 5 5 5 5 5 5 21 5 21 5 5 5 21 21 21 5 21 16 16 16 21 21 21 21 5 5 5 21 21 21 21 12 12 12 12 12 12 12 12 12 12 12 12 12 12 12 12 12 12 12 12 12 12 12 12 12 12 12 12 12 12 12 12 12 12 12 12 12 12 12 12 12 12 12 12 12 12 12 12 12 12 12 12 12 12 12 12 12 12 12 12 12 12 12 12
21 16 16 16 16 16 16 16 16 16 16 21 21 21 16 16 21 21 21 21 21 21 21 21 21 21 21 16 16 16 16 16 5 5 5 5 22 5 5 21 21 5 5 5 5 21 21 21 5 21 16 21 5 21 21 21 5 5 5 5 21 5 5 21 12 12 12 12 12 12 12 12 12 12 12 12 12 12 12 12 12 12 12 12 12 12 12 12 12 12 12 12 12 12 12 12 12 12 12 12 12 12 12 12 12 12 12 12 12 12 12 12 12 12 12 12 12 12 12 12 12 12 12 12 12 12 12 12
16 16 16 16 16 16 16 16 16 21 21 21 21 21 16 16 21 21 21 21 21 21 21 21 21 21 21 16 16 16 16 16 5 5 5 5 5 5 5 5 21 5 5 5 5 21 21 21 5 21 21 21 5 21 21 21 5 5 21 5 21 5 5 5 12 12 12 12 12 12 12 12 12 12 12 12 12 12 12 12 12 12 12 12 12 12 12 12 12 12 12 12 12 12 12 12 12 12 12 12 12 12 12 12 12 12 12 12 12 12 12 12 12 12 12 12 12 12 12 12 12 12 12 12 12 12 12 12
16 0 0 16 21 21 21 21 21 21 21 21 21 21 21 21 16 21 21 21 21 21 21 21 21 21 16 16 16 16 16 16 5 5 5 5 5 5 5 5 21 21 5 5 5 5 21 5 21 21 21 21 5 21 21 5 5 5 5 5 21 5 21 5 12 12 12 12 12 12 12 12 12 12 12 12 12 12 12 12 12 12 12 12 12 12 12 12 12 12 12 12 12 12 12 12 12 12 12 12 12 12 12 12 12 12 12 12 12 12 12 12 12 12 12 12 12 12 12 12 12 12 12 12 12 12 12 12
16 0 16 16 21 5 21 21 21 21 21 21 21 21 21 21 16 21 21 21 21 21 21 21 21 16 16 21 21 16 16 21 21 5 21 21 5 5 5 5 21 21 5 5 5 21 21 21 21 21 5 21 21 21 5 5 5 5 21 5 21 5 5 5 12 12 12 12 12 12 12 12 12 12 12 12 12 12 12 12 12 12 12 12 12 12 12 12 12 12 12 12 12 12 12 12 12 12 12 12 12 12 12 12 12 12 12 12 12 12 12 12 12 12 12 12 12 12 12 12 12 12 12 12 12 12 12 12
16 16 16 16 21 5 21 21 21 21 21 21 21 21 21 21 16 21 21 21 21 21 21 21 16 16 21 21 21 16 16 16 5 21 5 21 21 21 5 21 21 21 21 5 5 5 21 21 21 5 5 5 21 21 21 21 5 5 5 21 21 5 5 5 12 12 12 12 12 12 12 12 12 12 12 12 12 12 12 12 12 12 12 12 12 12 12 12 12 12 12 12 12 12 12 12 12 12 12 12 12 12 12 12 12 12 12 12 12 12 12 12 12 12 12 12 12 12 12 12 12 12 12 12 12 12 12 12
21 21 16 16 21 21 21 21 21 21 21 21 21 21 21 21 16 16 16 21 21 21 21 21 16 21 21 21 21 16 21 21 5 5 21 21 16 21 5 21 21 5 5 21 5 5 5 5 5 5 5 5 5 5 21 21 5 5 21 21 21 5 5 5 12 12 12 12 12 12 12 12 12 12 12 12 12 12 12 12 12 12 12 12 12 12 12 12 12 12 12 12 12 12 12 12 12 12 12 12 12 12 12 12 12 12 12 12 12 12 12 12 12 12 12 12 12 12 12 12 12 12 12 12 12 12 12 12
21 21 21 16 16 21 21 21 21 21 21 21 21 21 21 16 0 16 16 16 21 21 21 16 16 16 21 21 21 16 16 21 5 5 5 21 21 21 21 21 21 5 5 5 5 5 5 5 5 5 5 5 5 5 21 21 21 5 21 21 21 5 5 5 12 12 12 12 12 12 12 12 12 12 12 12 12 12 12 12 12 12 12 12 12 12 12 12 12 12 12 12 12 12 12 12 12 12 12 12 12 12 12 12 12 12 12 12 12 12 12 12 12 12 12 12 12 12 12 12 12 12 12 12 12 12 12 12
21 21 21 16 16 16 21 21 21 21 21 21 21 21 16 16 16 16 16 16 21 21 16 16 16 16 21 16 21 21 16 21 5 5 5 5 21 21 21 21 21 5 5 5 5 5 5 5 5 5 5 5 5 5 5 21 5 5 21 21 5 5 21 21 12 12 12 12 12 12 12 12 12 12 12 12 12 12 12 12 12 12 12 12 12 12 12 12 12 12 12 12 12 12 12 12 12 12 12 12 12 12 12 12 12 12 12 12 12 12 12 12 12 12 12 12 12 12 12 12 12 12 12 12 12 12 12 12
21 21 21 16 16 16 21 21 21 21 21 21 21 16 16 16 0 0 16 16 21 16 16 16 16 21 16 16 16 16 16 21 5 5 5 21 21 18 21 21 21 5 5 5 5 5 5 5 5 5 5 5 5 5 5 5 21 5 21 21 5 5 21 21 12 12 12 12 12 12 12 12 12 12 12 12 12 12 12 12 12 12 12 12 12 12 12 12 12 12 12 12 12 12 12 12 12 12 12 12 12 12 12 12 12 12 12 12 12 12 12 12 12 12 12 12 12 12 12 12 12 12 12 12 12 12 12 12
21 21 21 16 16 21 21 21 16 16 16 16 16 16 16 16 16 16 16 16 16 16 16 16 16 21 16 16 21 16 16 21 5 5 5 5 5 5 21 21 21 5 5 5 5 21 21 5 5 5 5 5 5 5 5 5 21 21 21 21 21 21 5 5 12 12 12 12 12 12 12 12 12 12 12 12 12 12 12 12 12 12 12 12 12 12 12 12 12 12 12 12 12 12 12 12 12 12 12 12 12 12 12 12 12 12 12 12 12 12 12 12 12 12 12 12 12 12 12 12 12 12 12 12 12 12 12 12
21 21 21 21 16 21 21 21 21 21 16 16 16 16 16 16 16 16 16 0 0 16 16 16 21 21 21 21 21 16 16 21 22 5 5 5 22 5 5 21 21 5 5 5 5 21 5 5 5 5 5 5 5 5 5 5 5 21 16 21 21 21 5 5 12 12 12 12 12 12 12 12 12 12 12 12 12 12 12 12 12 12 12 12 12 12 12 12 12 12 12 12 12 12 12 12 12 12 12 12 12 12 12 12 12 12 12 12 12 12 12 12 12 12 12 12 12 12 12 12 12 12 12 12 12 12 12 12
21 16 21 21 21 21 21 21 21 21 21 21 21 21 21 21 21 16 16 0 0 16 16 16 16 16 16 16 21 21 16 16 5 5 5 21 5 5 5 21 21 21 5 5 5 21 21 5 5 5 5 5 5 5 5 5 5 21 21 21 5 5 5 5 12 12 12 12 12 12 12 12 12 12 12 12 12 12 12 12 12 12 12 12 12 12 12 12 12 12 12 12 12 12 12 12 12 12 12 12 12 12 12 12 12 12 12 12 12 12 12 12 12 12 12 12 12 12 12 12 12 12 12 12 12 12 12 12
21 16 21 16 21 21 21 21 21 21 21 21 21 21 21 21 21 16 16 16 0 16 16 16 16 16 16 16 21 21 16 16 22 5 5 5 5 5 5 21 21 21 21 5 5 21 21 5 5 5 5 5 5 5 5 5 5 21 16 21 5 5 5 21 12 12 12 12 12 12 12 12 12 12 12 12 12 12 12 12 12 12 12 12 12 12 12 12 12 12 12 12 12 12 12 12 12 12 12 12 12 12 12 12 12 12 12 12 12 12 12 12 12 12 12 12 12 12 12 12 12 12 12 12 12 12 12 12
16 16 21 16 21 21 21 21 21 21 21 16 21 21 21 5 21 16 16 16 16 16 16 16 16 16 16 21 21 16 16 21 5 5 5 5 5 22 5 16 16 21 21 5 5 5 21 21 5 22 5 22 22 5 5 5 5 21 21 5 5 5 5 5 12 12 12 12 12 12 12 12 12 12 12 12 12 12 12 12 12 12 12 12 12 12 12 12 12 12 12 12 12 12 12 12 12 12 12 12 12 12 12 12 12 12 12 12 12 12 12 12 12 12 12 12 12 12 12 12 12 12 12 12 12 12 12 12
21 16 16 16 21 21 21 21 21 21 21 16 16 21 21 5 21 16 16 16 16 16 16 16 21 16 16 21 21 16 21 21 21 21 5 5 22 5 21 16 16 5 21 5 5 5 5 21 5 5 22 22 22 22 5 5 5 5 5 22 5 5 5 22 12 12 12 12 12 12 12 12 12 12 12 12 12 12 12 12 12 12 12 12 12 12 12 12 12 12 12 12 12 12 12 12 12 12 12 12 12 12 12 12 12 12 12 12 12 12 12 12 12 12 12 12 12 12 12 12 12 12 12 12 12 12 12 12
21 16 16 16 21 21 21 21 21 21 21 21 21 21 21 21 21 16 16 16 16 16 16 16 16 21 16 16 21 21 21 16 21 5 5 5 22 5 16 21 5 16 21 5 5 5 5 5 5 5 22 22 22 22 22 5 5 5 5 22 22 5 5 5 12 12 12 12 12 12 12 12 12 12 12 12 12 12 12 12 12 12 12 12 12 12 12 12 12 12 12 12 12 12 12 12 12 12 12 12 12 12 12 12 12 12 12 12 12 12 12 12 12 12 12 12 12 12 12 12 12 12 12 12 12 12 12 12
21 16 16 16 16 21 21 21 21 21 21 21 21 21 21 21 21 16 16 16 16 16 21 21 16 21 16 16 21 21 21 16 5 5 5 5 5 5 16 21 5 21 5 5 5 5 5 5 5 5 22 22 22 22 5 5 21 5 5 22 22 5 5 22 12 12 12 12 12 12 12 12 12 12 12 12 12 12 12 12 12 12 12 12 12 12 12 12 12 12 12 12 12 12 12 12 12 12 12 12 12 12 12 12 12 12 12 12 12 12 12 12 12 12 12 12 12 12 12 12 12 12 12 12 12 12 12 12
21 16 16 21 21 21 21 21 21 21 21 21 21 21 21 21 21 16 16 16 21 21 21 21 21 16 16 16 16 21 21 21 5 5 5 22 5 5 16 21 21 5 5 5 22 22 5 5 5 5 5 22 22 5 5 21 21 5 5 22 22 5 5 5 12 12 12 12 12 12 12 12 12 12 12 12 12 12 12 12 12 12 12 12 12 12 12 12 12 12 12 12 12 12 12 12 12 12 12 12 12 12 12 12 12 12 12 12 12 12 12 12 12 12 12 12 12 12 12 12 12 12 12 12 12 12 12 12
21 21 16 21 21 21 21 21 21 21 21 21 21 21 21 21 16 16 16 16 16 21 21 21 21 21 21 21 21 16 16 21 5 5 5 5 22 21 16 21 21 21 5 5 5 5 5 5 5 5 5 22 22 5 21 21 21 5 5 5 5 22 5 21 12 12 12 12 12 12 12 12 12 12 12 12 12 12 12 12 12 12 12 12 12 12 12 12 12 12 12 12 12 12 12 12 12 12 12 12 12 12 12 12 12 12 12 12 12 12 12 12 12 12 12 12 12 12 12 12 12 12 12 12 12 12 12 12
21 21 21 21 21 21 21 21 21 21 21 21 21 21 21 21 16 16 16 16 16 21 21 21 21 21 21 21 21 16 16 21 5 5 5 5 22 5 16 16 18 18 21 21 21 5 5 5 5 5 5 22 5 21 16 21 5 5 22 5 5 22 5 21 12 12 12 12 12 12 12 12 12 12 12 12 12 12 12 12 12 12 12 12 12 12 12 12 12 12 12 12 12 12 12 12 12 12 12 12 12 12 12 12 12 12 12 12 12 12 12 12 12 12 12 12 12 12 12 12 12 12 12 12 12 12 12 12
21 16 16 21 21 21 21 21 21 21 21 21 21 21 21 21 16 16 21 16 16 21 21 16 21 21 21 21 21 16 16 21 5 5 5 5 22 5 16 21 21 21 18 21 5 5 5 5 5 5 5 5 21 21 16 21 21 5 5 5 5 5 5 5 12 12 12 12 12 12 12 12 12 12 12 12 12 12 12 12 12 12 12 12 12 12 12 12 12 12 12 12 12 12 12 12 12 12 12 12 12 12 12 12 12 12 12 12 12 12 12 12 12 12 12 12 12 12 12 12 12 12 12 12 12 12 12 12
21 16 16 21 21 21 21 21 21 21 21 21 21 21 21 21 16 16 16 21 21 21 21 21 21 21 21 21 21 21 16 16 5 5 5 5 5 21 16 21 5 21 16 16 21 5 5 5 5 5 5 21 16 16 16 21 21 5 5 5 5 5 5 21 12 12 12 12 12 12 12 12 12 12 12 12 12 12 12 12 12 12 12 12 12 12 12 12 12 12 12 12 12 12 12 12 12 12 12 12 12 12 12 12 12 12 12 12 12 12 12 12 12 12 12 12 12 12 12 12 12 12 12 12 12 12 12 12
16 16 16 21 21 21 21 21 21 21 21 21 21 21 5 21 16 16 16 21 21 21 21 21 21 21 21 21 21 21 16 21 5 5 5 21 5 16 16 21 5 5 16 16 16 21 5 5 5 5 5 21 16 21 21 21 5 5 21 5 5 5 5 21 12 12 12 12 12 12 12 12 12 12 12 12 12 12 12 12 12 12 12 12 12 12 12 12 12 12 12 12 12 12 12 12 12 12 12 12 12 12 12 12 12 12 12 12 12 12 12 12 12 12 12 12 12 12 12 12 12 12 12 12 12 12 12 12
16 16 21 21 21 21 21 21 21 21 21 21 21 21 21 21 16 16 16 16 21 21 21 21 21 21 21 21 16 16 16 16 5 5 5 5 5 21 21 21 5 5 16 21 5 21 5 5 5 5 21 21 21 21 5 5 5 5 5 5 16 5 5 5 12 12 12 12 12 12 12 12 12 12 12 12 12 12 12 12 12 12 12 12 12 12 12 12 12 12 12 12 12 12 12 12 12 12 12 12 12 12 12 12 12 12 12 12 12 12 12 12 12 12 12 12 12 12 12 12 12 12 12 12 12 12 12 12
16 16 16 16 16 21 21 21 21 21 21 21 21 21 21 21 16 16 16 16 21 21 21 21 21 21 21 21 21 16 16 16 5 5 5 5 13 5 21 16 21 5 5 5 22 22 21 21 21 21 21 5 5 5 5 5 22 5 5 5 21 16 21 5 12 12 12 12 12 12 12 12 12 12 12 12 12 12 12 12 12 12 12 12 12 12 12 12 12 12 12 12 12 12 12 12 12 12 12 12 12 12 12 12 12 12 12 12 12 12 12 12 12 12 12 12 12 12 12 12 12 12 12 12 12 12 12 12
16 16 16 16 16 16 21 21 21 21 21 21 21 21 21 16 16 21 21 16 21 21 21 21 21 21 21 21 21 16 16 16 5 5 5 5 22 22 21 16 5 5 21 5 5 22 5 16 16 21 5 5 5 5 5 5 22 5 5 5 21 21 21 5 12 12 12 12 12 12 12 12 12 12 12 12 12 12 12 12 12 12 12 12 12 12 12 12 12 12 12 12 12 12 12 12 12 12 12 12 12 12 12 12 12 12 12 12 12 12 12 12 12 12 12 12 12 12 12 12 12 12 12 12 12 12 12 12
sprites
grass 0 0 64 64 tile
plank-floor 64 0 128 64 tile
stone-floor 0 64 64 128 tile
end sprites
end paint
