paint pico-8-font 128 128
7 7 7 0 0 0 0 0 0 0 0 0 0 0 0 0 0 0 0 0 0 0 0 0 0 0 0 0 0 0 0 0 0 0 0 0 0 0 0 0 0 0 0 0 0 0 0 0 0 0 7 0 0 0 0 0 7 0 0 0 0 0 0 0 7 7 7 0 0 0 0 0 0 0 0 0 0 0 0 0 7 0 7 0 0 0 0 0 0 0 0 0 0 0 0 0 0 0 0 0 0 0 0 0 0 0 0 0 0 0 0 0 7 0 7 0 0 0 0 0 0 7 0 0 0 0 0 0
7 7 7 0 0 0 0 0 7 7 7 0 0 0 0 0 7 7 7 0 0 0 0 0 7 0 7 0 0 0 0 0 7 0 7 0 0 0 0 0 7 0 7 0 0 0 0 0 0 7 7 0 0 0 0 0 7 7 0 0 0 0 0 0 7 0 0 0 0 0 0 0 0 0 7 0 0 0 0 0 7 7 7 0 0 0 0 0 0 0 0 0 0 0 0 0 0 0 0 0 0 0 0 0 0 0 0 0 0 0 0 0 7 0 7 0 0 0 0 0 7 0 7 0 0 0 0 0
7 7 7 0 0 0 0 0 7 7 7 0 0 0 0 0 7 0 7 0 0 0 0 0 0 7 0 0 0 0 0 0 0 0 0 0 0 0 0 0 7 0 7 0 0 0 0 0 7 7 7 0 0 0 0 0 7 7 7 0 0 0 0 0 7 0 0 0 0 0 0 0 0 0 7 0 0 0 0 0 0 7 0 0 0 0 0 0 0 7 0 0 0 0 0 0 0 0 0 0 0 0 0 0 0 0 0 0 0 0 0 0 0 0 0 0 0 0 0 0 0 7 0 0 0 0 0 0
7 7 7 0 0 0 0 0 7 7 7 0 0 0 0 0 7 7 7 0 0 0 0 0 7 0 7 0 0 0 0 0 7 0 7 0 0 0 0 0 7 0 7 0 0 0 0 0 0 7 7 0 0 0 0 0 7 7 0 0 0 0 0 0 7 0 0 0 0 0 0 0 0 0 7 0 0 0 0 0 7 7 7 0 0 0 0 0 0 0 0 0 0 0 0 0 7 0 0 0 0 0 0 0 7 7 0 0 0 0 0 0 0 0 0 0 0 0 0 0 0 0 0 0 0 0 0 0
7 7 7 0 0 0 0 0 0 0 0 0 0 0 0 0 0 0 0 0 0 0 0 0 0 0 0 0 0 0 0 0 0 0 0 0 0 0 0 0 0 0 0 0 0 0 0 0 0 0 7 0 0 0 0 0 7 0 0 0 0 0 0 0 0 0 0 0 0 0 0 0 7 7 7 0 0 0 0 0 0 7 0 0 0 0 0 0 0 0 0 0 0 0 0 0 0 7 0 0 0 0 0 0 7 7 0 0 0 0 0 0 0 0 0 0 0 0 0 0 0 0 0 0 0 0 0 0
0 0 0 0 0 0 0 0 0 0 0 0 0 0 0 0 0 0 0 0 0 0 0 0 0 0 0 0 0 0 0 0 0 0 0 0 0 0 0 0 0 0 0 0 0 0 0 0 0 0 0 0 0 0 0 0 0 0 0 0 0 0 0 0 0 0 0 0 0 0 0 0 0 0 0 0 0 0 0 0 0 0 0 0 0 0 0 0 0 0 0 0 0 0 0 0 0 0 0 0 0 0 0 0 0 0 0 0 0 0 0 0 0 0 0 0 0 0 0 0 0 0 0 0 0 0 0 0
0 0 0 0 0 0 0 0 0 0 0 0 0 0 0 0 0 0 0 0 0 0 0 0 0 0 0 0 0 0 0 0 0 0 0 0 0 0 0 0 0 0 0 0 0 0 0 0 0 0 0 0 0 0 0 0 0 0 0 0 0 0 0 0 0 0 0 0 0 0 0 0 0 0 0 0 0 0 0 0 0 0 0 0 0 0 0 0 0 0 0 0 0 0 0 0 0 0 0 0 0 0 0 0 0 0 0 0 0 0 0 0 0 0 0 0 0 0 0 0 0 0 0 0 0 0 0 0
0 0 0 0 0 0 0 0 0 0 0 0 0 0 0 0 0 0 0 0 0 0 0 0 0 0 0 0 0 0 0 0 0 0 0 0 0 0 0 0 0 0 0 0 0 0 0 0 0 0 0 0 0 0 0 0 0 0 0 0 0 0 0 0 0 0 0 0 0 0 0 0 0 0 0 0 0 0 0 0 0 0 0 0 0 0 0 0 0 0 0 0 0 0 0 0 0 0 0 0 0 0 0 0 0 0 0 0 0 0 0 0 0 0 0 0 0 0 0 0 0 0 0 0 0 0 0 0
0 0 0 0 0 0 0 0 0 7 0 0 0 0 0 0 7 0 7 0 0 0 0 0 7 0 7 0 0 0 0 0 7 7 7 0 0 0 0 0 7 0 7 0 0 0 0 0 7 7 0 0 0 0 0 0 0 7 0 0 0 0 0 0 0 7 0 0 0 0 0 0 0 7 0 0 0 0 0 0 7 0 7 0 0 0 0 0 0 0 0 0 0 0 0 0 0 0 0 0 0 0 0 0 0 0 0 0 0 0 0 0 0 0 0 0 0 0 0 0 0 0 7 0 0 0 0 0
0 0 0 0 0 0 0 0 0 7 0 0 0 0 0 0 7 0 7 0 0 0 0 0 7 7 7 0 0 0 0 0 7 7 0 0 0 0 0 0 0 0 7 0 0 0 0 0 7 7 0 0 0 0 0 0 7 0 0 0 0 0 0 0 7 0 0 0 0 0 0 0 0 0 7 0 0 0 0 0 0 7 0 0 0 0 0 0 0 7 0 0 0 0 0 0 0 0 0 0 0 0 0 0 0 0 0 0 0 0 0 0 0 0 0 0 0 0 0 0 0 7 0 0 0 0 0 0
0 0 0 0 0 0 0 0 0 7 0 0 0 0 0 0 0 0 0 0 0 0 0 0 7 0 7 0 0 0 0 0 0 7 7 0 0 0 0 0 0 7 0 0 0 0 0 0 7 7 0 0 0 0 0 0 0 0 0 0 0 0 0 0 7 0 0 0 0 0 0 0 0 0 7 0 0 0 0 0 7 7 7 0 0 0 0 0 7 7 7 0 0 0 0 0 0 0 0 0 0 0 0 0 7 7 7 0 0 0 0 0 0 0 0 0 0 0 0 0 0 7 0 0 0 0 0 0
0 0 0 0 0 0 0 0 0 0 0 0 0 0 0 0 0 0 0 0 0 0 0 0 7 7 7 0 0 0 0 0 7 7 7 0 0 0 0 0 7 0 0 0 0 0 0 0 7 0 7 0 0 0 0 0 0 0 0 0 0 0 0 0 7 0 0 0 0 0 0 0 0 0 7 0 0 0 0 0 0 7 0 0 0 0 0 0 0 7 0 0 0 0 0 0 0 7 0 0 0 0 0 0 0 0 0 0 0 0 0 0 0 0 0 0 0 0 0 0 0 7 0 0 0 0 0 0
0 0 0 0 0 0 0 0 0 7 0 0 0 0 0 0 0 0 0 0 0 0 0 0 7 0 7 0 0 0 0 0 0 7 0 0 0 0 0 0 7 0 7 0 0 0 0 0 7 7 7 0 0 0 0 0 0 0 0 0 0 0 0 0 0 7 0 0 0 0 0 0 0 7 0 0 0 0 0 0 7 0 7 0 0 0 0 0 0 0 0 0 0 0 0 0 7 0 0 0 0 0 0 0 0 0 0 0 0 0 0 0 0 7 0 0 0 0 0 0 7 0 0 0 0 0 0 0
0 0 0 0 0 0 0 0 0 0 0 0 0 0 0 0 0 0 0 0 0 0 0 0 0 0 0 0 0 0 0 0 0 0 0 0 0 0 0 0 0 0 0 0 0 0 0 0 0 0 0 0 0 0 0 0 0 0 0 0 0 0 0 0 0 0 0 0 0 0 0 0 0 0 0 0 0 0 0 0 0 0 0 0 0 0 0 0 0 0 0 0 0 0 0 0 0 0 0 0 0 0 0 0 0 0 0 0 0 0 0 0 0 0 0 0 0 0 0 0 0 0 0 0 0 0 0 0
0 0 0 0 0 0 0 0 0 0 0 0 0 0 0 0 0 0 0 0 0 0 0 0 0 0 0 0 0 0 0 0 0 0 0 0 0 0 0 0 0 0 0 0 0 0 0 0 0 0 0 0 0 0 0 0 0 0 0 0 0 0 0 0 0 0 0 0 0 0 0 0 0 0 0 0 0 0 0 0 0 0 0 0 0 0 0 0 0 0 0 0 0 0 0 0 0 0 0 0 0 0 0 0 0 0 0 0 0 0 0 0 0 0 0 0 0 0 0 0 0 0 0 0 0 0 0 0
0 0 0 0 0 0 0 0 0 0 0 0 0 0 0 0 0 0 0 0 0 0 0 0 0 0 0 0 0 0 0 0 0 0 0 0 0 0 0 0 0 0 0 0 0 0 0 0 0 0 0 0 0 0 0 0 0 0 0 0 0 0 0 0 0 0 0 0 0 0 0 0 0 0 0 0 0 0 0 0 0 0 0 0 0 0 0 0 0 0 0 0 0 0 0 0 0 0 0 0 0 0 0 0 0 0 0 0 0 0 0 0 0 0 0 0 0 0 0 0 0 0 0 0 0 0 0 0
7 7 7 0 0 0 0 0 7 7 0 0 0 0 0 0 7 7 7 0 0 0 0 0 7 7 7 0 0 0 0 0 7 0 7 0 0 0 0 0 7 7 7 0 0 0 0 0 7 0 0 0 0 0 0 0 7 7 7 0 0 0 0 0 7 7 7 0 0 0 0 0 7 7 7 0 0 0 0 0 0 0 0 0 0 0 0 0 0 0 0 0 0 0 0 0 0 0 7 0 0 0 0 0 0 0 0 0 0 0 0 0 7 0 0 0 0 0 0 0 7 7 7 0 0 0 0 0
7 0 7 0 0 0 0 0 0 7 0 0 0 0 0 0 0 0 7 0 0 0 0 0 0 0 7 0 0 0 0 0 7 0 7 0 0 0 0 0 7 0 0 0 0 0 0 0 7 0 0 0 0 0 0 0 0 0 7 0 0 0 0 0 7 0 7 0 0 0 0 0 7 0 7 0 0 0 0 0 0 7 0 0 0 0 0 0 0 7 0 0 0 0 0 0 0 7 0 0 0 0 0 0 7 7 7 0 0 0 0 0 0 7 0 0 0 0 0 0 0 0 7 0 0 0 0 0
7 0 7 0 0 0 0 0 0 7 0 0 0 0 0 0 7 7 7 0 0 0 0 0 0 7 7 0 0 0 0 0 7 7 7 0 0 0 0 0 7 7 7 0 0 0 0 0 7 7 7 0 0 0 0 0 0 0 7 0 0 0 0 0 7 7 7 0 0 0 0 0 7 7 7 0 0 0 0 0 0 0 0 0 0 0 0 0 0 0 0 0 0 0 0 0 7 0 0 0 0 0 0 0 0 0 0 0 0 0 0 0 0 0 7 0 0 0 0 0 0 7 7 0 0 0 0 0
7 0 7 0 0 0 0 0 0 7 0 0 0 0 0 0 7 0 0 0 0 0 0 0 0 0 7 0 0 0 0 0 0 0 7 0 0 0 0 0 0 0 7 0 0 0 0 0 7 0 7 0 0 0 0 0 0 0 7 0 0 0 0 0 7 0 7 0 0 0 0 0 0 0 7 0 0 0 0 0 0 7 0 0 0 0 0 0 0 7 0 0 0 0 0 0 0 7 0 0 0 0 0 0 7 7 7 0 0 0 0 0 0 7 0 0 0 0 0 0 0 0 0 0 0 0 0 0
7 7 7 0 0 0 0 0 7 7 7 0 0 0 0 0 7 7 7 0 0 0 0 0 7 7 7 0 0 0 0 0 0 0 7 0 0 0 0 0 7 7 7 0 0 0 0 0 7 7 7 0 0 0 0 0 0 0 7 0 0 0 0 0 7 7 7 0 0 0 0 0 0 0 7 0 0 0 0 0 0 0 0 0 0 0 0 0 7 0 0 0 0 0 0 0 0 0 7 0 0 0 0 0 0 0 0 0 0 0 0 0 7 0 0 0 0 0 0 0 0 7 0 0 0 0 0 0
0 0 0 0 0 0 0 0 0 0 0 0 0 0 0 0 0 0 0 0 0 0 0 0 0 0 0 0 0 0 0 0 0 0 0 0 0 0 0 0 0 0 0 0 0 0 0 0 0 0 0 0 0 0 0 0 0 0 0 0 0 0 0 0 0 0 0 0 0 0 0 0 0 0 0 0 0 0 0 0 0 0 0 0 0 0 0 0 0 0 0 0 0 0 0 0 0 0 0 0 0 0 0 0 0 0 0 0 0 0 0 0 0 0 0 0 0 0 0 0 0 0 0 0 0 0 0 0
0 0 0 0 0 0 0 0 0 0 0 0 0 0 0 0 0 0 0 0 0 0 0 0 0 0 0 0 0 0 0 0 0 0 0 0 0 0 0 0 0 0 0 0 0 0 0 0 0 0 0 0 0 0 0 0 0 0 0 0 0 0 0 0 0 0 0 0 0 0 0 0 0 0 0 0 0 0 0 0 0 0 0 0 0 0 0 0 0 0 0 0 0 0 0 0 0 0 0 0 0 0 0 0 0 0 0 0 0 0 0 0 0 0 0 0 0 0 0 0 0 0 0 0 0 0 0 0
0 0 0 0 0 0 0 0 0 0 0 0 0 0 0 0 0 0 0 0 0 0 0 0 0 0 0 0 0 0 0 0 0 0 0 0 0 0 0 0 0 0 0 0 0 0 0 0 0 0 0 0 0 0 0 0 0 0 0 0 0 0 0 0 0 0 0 0 0 0 0 0 0 0 0 0 0 0 0 0 0 0 0 0 0 0 0 0 0 0 0 0 0 0 0 0 0 0 0 0 0 0 0 0 0 0 0 0 0 0 0 0 0 0 0 0 0 0 0 0 0 0 0 0 0 0 0 0
0 7 0 0 0 0 0 0 0 0 0 0 0 0 0 0 0 0 0 0 0 0 0 0 0 0 0 0 0 0 0 0 0 0 0 0 0 0 0 0 0 0 0 0 0 0 0 0 0 0 0 0 0 0 0 0 0 0 0 0 0 0 0 0 0 0 0 0 0 0 0 0 0 0 0 0 0 0 0 0 0 0 0 0 0 0 0 0 0 0 0 0 0 0 0 0 0 0 0 0 0 0 0 0 0 0 0 0 0 0 0 0 0 0 0 0 0 0 0 0 0 0 0 0 0 0 0 0
7 0 7 0 0 0 0 0 0 7 7 0 0 0 0 0 7 7 0 0 0 0 0 0 0 7 7 0 0 0 0 0 7 7 0 0 0 0 0 0 7 7 7 0 0 0 0 0 7 7 7 0 0 0 0 0 0 7 7 0 0 0 0 0 7 0 7 0 0 0 0 0 7 7 7 0 0 0 0 0 7 7 7 0 0 0 0 0 7 0 7 0 0 0 0 0 7 0 0 0 0 0 0 0 7 7 7 0 0 0 0 0 7 7 0 0 0 0 0 0 0 7 7 0 0 0 0 0
7 0 7 0 0 0 0 0 7 0 7 0 0 0 0 0 7 7 0 0 0 0 0 0 7 0 0 0 0 0 0 0 7 0 7 0 0 0 0 0 7 7 0 0 0 0 0 0 7 7 0 0 0 0 0 0 7 0 0 0 0 0 0 0 7 0 7 0 0 0 0 0 0 7 0 0 0 0 0 0 0 7 0 0 0 0 0 0 7 7 0 0 0 0 0 0 7 0 0 0 0 0 0 0 7 7 7 0 0 0 0 0 7 0 7 0 0 0 0 0 7 0 7 0 0 0 0 0
7 0 0 0 0 0 0 0 7 7 7 0 0 0 0 0 7 0 7 0 0 0 0 0 7 0 0 0 0 0 0 0 7 0 7 0 0 0 0 0 7 0 0 0 0 0 0 0 7 0 0 0 0 0 0 0 7 0 7 0 0 0 0 0 7 7 7 0 0 0 0 0 0 7 0 0 0 0 0 0 0 7 0 0 0 0 0 0 7 0 7 0 0 0 0 0 7 0 0 0 0 0 0 0 7 0 7 0 0 0 0 0 7 0 7 0 0 0 0 0 7 0 7 0 0 0 0 0
0 7 7 0 0 0 0 0 7 0 7 0 0 0 0 0 7 7 7 0 0 0 0 0 0 7 7 0 0 0 0 0 7 7 0 0 0 0 0 0 0 7 7 0 0 0 0 0 7 0 0 0 0 0 0 0 7 7 7 0 0 0 0 0 7 0 7 0 0 0 0 0 7 7 7 0 0 0 0 0 7 7 0 0 0 0 0 0 7 0 7 0 0 0 0 0 0 7 7 0 0 0 0 0 7 0 7 0 0 0 0 0 7 0 7 0 0 0 0 0 7 7 0 0 0 0 0 0
0 0 0 0 0 0 0 0 0 0 0 0 0 0 0 0 0 0 0 0 0 0 0 0 0 0 0 0 0 0 0 0 0 0 0 0 0 0 0 0 0 0 0 0 0 0 0 0 0 0 0 0 0 0 0 0 0 0 0 0 0 0 0 0 0 0 0 0 0 0 0 0 0 0 0 0 0 0 0 0 0 0 0 0 0 0 0 0 0 0 0 0 0 0 0 0 0 0 0 0 0 0 0 0 0 0 0 0 0 0 0 0 0 0 0 0 0 0 0 0 0 0 0 0 0 0 0 0
0 0 0 0 0 0 0 0 0 0 0 0 0 0 0 0 0 0 0 0 0 0 0 0 0 0 0 0 0 0 0 0 0 0 0 0 0 0 0 0 0 0 0 0 0 0 0 0 0 0 0 0 0 0 0 0 0 0 0 0 0 0 0 0 0 0 0 0 0 0 0 0 0 0 0 0 0 0 0 0 0 0 0 0 0 0 0 0 0 0 0 0 0 0 0 0 0 0 0 0 0 0 0 0 0 0 0 0 0 0 0 0 0 0 0 0 0 0 0 0 0 0 0 0 0 0 0 0
0 0 0 0 0 0 0 0 0 0 0 0 0 0 0 0 0 0 0 0 0 0 0 0 0 0 0 0 0 0 0 0 0 0 0 0 0 0 0 0 0 0 0 0 0 0 0 0 0 0 0 0 0 0 0 0 0 0 0 0 0 0 0 0 0 0 0 0 0 0 0 0 0 0 0 0 0 0 0 0 0 0 0 0 0 0 0 0 0 0 0 0 0 0 0 0 0 0 0 0 0 0 0 0 0 0 0 0 0 0 0 0 0 0 0 0 0 0 0 0 0 0 0 0 0 0 0 0
0 0 0 0 0 0 0 0 0 0 0 0 0 0 0 0 0 0 0 0 0 0 0 0 0 0 0 0 0 0 0 0 0 0 0 0 0 0 0 0 0 0 0 0 0 0 0 0 0 0 0 0 0 0 0 0 0 0 0 0 0 0 0 0 0 0 0 0 0 0 0 0 0 0 0 0 0 0 0 0 0 0 0 0 0 0 0 0 7 7 0 0 0 0 0 0 7 0 0 0 0 0 0 0 0 7 7 0 0 0 0 0 0 7 0 0 0 0 0 0 0 0 0 0 0 0 0 0
0 7 7 0 0 0 0 0 0 7 0 0 0 0 0 0 7 7 0 0 0 0 0 0 0 7 7 0 0 0 0 0 7 7 7 0 0 0 0 0 7 0 7 0 0 0 0 0 7 0 7 0 0 0 0 0 7 0 7 0 0 0 0 0 7 0 7 0 0 0 0 0 7 0 7 0 0 0 0 0 7 7 7 0 0 0 0 0 7 0 0 0 0 0 0 0 0 7 0 0 0 0 0 0 0 0 7 0 0 0 0 0 7 0 7 0 0 0 0 0 0 0 0 0 0 0 0 0
7 0 7 0 0 0 0 0 7 0 7 0 0 0 0 0 7 0 7 0 0 0 0 0 7 0 0 0 0 0 0 0 0 7 0 0 0 0 0 0 7 0 7 0 0 0 0 0 7 0 7 0 0 0 0 0 7 0 7 0 0 0 0 0 0 7 0 0 0 0 0 0 7 7 7 0 0 0 0 0 0 0 7 0 0 0 0 0 7 0 0 0 0 0 0 0 0 7 0 0 0 0 0 0 0 0 7 0 0 0 0 0 0 0 0 0 0 0 0 0 0 0 0 0 0 0 0 0
7 7 7 0 0 0 0 0 7 7 0 0 0 0 0 0 7 7 0 0 0 0 0 0 0 0 7 0 0 0 0 0 0 7 0 0 0 0 0 0 7 0 7 0 0 0 0 0 7 7 7 0 0 0 0 0 7 7 7 0 0 0 0 0 0 7 0 0 0 0 0 0 0 0 7 0 0 0 0 0 7 0 0 0 0 0 0 0 7 0 0 0 0 0 0 0 0 7 0 0 0 0 0 0 0 0 7 0 0 0 0 0 0 0 0 0 0 0 0 0 0 0 0 0 0 0 0 0
7 0 0 0 0 0 0 0 0 7 7 0 0 0 0 0 7 0 7 0 0 0 0 0 7 7 0 0 0 0 0 0 0 7 0 0 0 0 0 0 0 7 7 0 0 0 0 0 0 7 0 0 0 0 0 0 7 7 7 0 0 0 0 0 7 0 7 0 0 0 0 0 7 7 0 0 0 0 0 0 7 7 7 0 0 0 0 0 7 7 0 0 0 0 0 0 0 0 7 0 0 0 0 0 0 7 7 0 0 0 0 0 0 0 0 0 0 0 0 0 7 7 7 0 0 0 0 0
0 0 0 0 0 0 0 0 0 0 0 0 0 0 0 0 0 0 0 0 0 0 0 0 0 0 0 0 0 0 0 0 0 0 0 0 0 0 0 0 0 0 0 0 0 0 0 0 0 0 0 0 0 0 0 0 0 0 0 0 0 0 0 0 0 0 0 0 0 0 0 0 0 0 0 0 0 0 0 0 0 0 0 0 0 0 0 0 0 0 0 0 0 0 0 0 0 0 0 0 0 0 0 0 0 0 0 0 0 0 0 0 0 0 0 0 0 0 0 0 0 0 0 0 0 0 0 0
0 0 0 0 0 0 0 0 0 0 0 0 0 0 0 0 0 0 0 0 0 0 0 0 0 0 0 0 0 0 0 0 0 0 0 0 0 0 0 0 0 0 0 0 0 0 0 0 0 0 0 0 0 0 0 0 0 0 0 0 0 0 0 0 0 0 0 0 0 0 0 0 0 0 0 0 0 0 0 0 0 0 0 0 0 0 0 0 0 0 0 0 0 0 0 0 0 0 0 0 0 0 0 0 0 0 0 0 0 0 0 0 0 0 0 0 0 0 0 0 0 0 0 0 0 0 0 0
0 0 0 0 0 0 0 0 0 0 0 0 0 0 0 0 0 0 0 0 0 0 0 0 0 0 0 0 0 0 0 0 0 0 0 0 0 0 0 0 0 0 0 0 0 0 0 0 0 0 0 0 0 0 0 0 0 0 0 0 0 0 0 0 0 0 0 0 0 0 0 0 0 0 0 0 0 0 0 0 0 0 0 0 0 0 0 0 0 0 0 0 0 0 0 0 0 0 0 0 0 0 0 0 0 0 0 0 0 0 0 0 0 0 0 0 0 0 0 0 0 0 0 0 0 0 0 0
0 7 0 0 0 0 0 0 7 7 7 0 0 0 0 0 7 7 7 0 0 0 0 0 0 7 7 0 0 0 0 0 7 7 0 0 0 0 0 0 7 7 7 0 0 0 0 0 7 7 7 0 0 0 0 0 0 7 7 0 0 0 0 0 7 0 7 0 0 0 0 0 7 7 7 0 0 0 0 0 7 7 7 0 0 0 0 0 7 0 7 0 0 0 0 0 7 0 0 0 0 0 0 0 7 7 7 0 0 0 0 0 7 7 0 0 0 0 0 0 0 7 7 0 0 0 0 0
0 0 7 0 0 0 0 0 7 0 7 0 0 0 0 0 7 0 7 0 0 0 0 0 7 0 0 0 0 0 0 0 7 0 7 0 0 0 0 0 7 0 0 0 0 0 0 0 7 0 0 0 0 0 0 0 7 0 0 0 0 0 0 0 7 0 7 0 0 0 0 0 0 7 0 0 0 0 0 0 0 7 0 0 0 0 0 0 7 0 7 0 0 0 0 0 7 0 0 0 0 0 0 0 7 7 7 0 0 0 0 0 7 0 7 0 0 0 0 0 7 0 7 0 0 0 0 0
0 0 0 0 0 0 0 0 7 7 7 0 0 0 0 0 7 7 0 0 0 0 0 0 7 0 0 0 0 0 0 0 7 0 7 0 0 0 0 0 7 7 0 0 0 0 0 0 7 7 0 0 0 0 0 0 7 0 0 0 0 0 0 0 7 7 7 0 0 0 0 0 0 7 0 0 0 0 0 0 0 7 0 0 0 0 0 0 7 7 0 0 0 0 0 0 7 0 0 0 0 0 0 0 7 0 7 0 0 0 0 0 7 0 7 0 0 0 0 0 7 0 7 0 0 0 0 0
0 0 0 0 0 0 0 0 7 0 7 0 0 0 0 0 7 0 7 0 0 0 0 0 7 0 0 0 0 0 0 0 7 0 7 0 0 0 0 0 7 0 0 0 0 0 0 0 7 0 0 0 0 0 0 0 7 0 7 0 0 0 0 0 7 0 7 0 0 0 0 0 0 7 0 0 0 0 0 0 0 7 0 0 0 0 0 0 7 0 7 0 0 0 0 0 7 0 0 0 0 0 0 0 7 0 7 0 0 0 0 0 7 0 7 0 0 0 0 0 7 0 7 0 0 0 0 0
0 0 0 0 0 0 0 0 7 0 7 0 0 0 0 0 7 7 7 0 0 0 0 0 0 7 7 0 0 0 0 0 7 7 7 0 0 0 0 0 7 7 7 0 0 0 0 0 7 0 0 0 0 0 0 0 7 7 7 0 0 0 0 0 7 0 7 0 0 0 0 0 7 7 7 0 0 0 0 0 7 7 0 0 0 0 0 0 7 0 7 0 0 0 0 0 7 7 7 0 0 0 0 0 7 0 7 0 0 0 0 0 7 0 7 0 0 0 0 0 7 7 0 0 0 0 0 0
0 0 0 0 0 0 0 0 0 0 0 0 0 0 0 0 0 0 0 0 0 0 0 0 0 0 0 0 0 0 0 0 0 0 0 0 0 0 0 0 0 0 0 0 0 0 0 0 0 0 0 0 0 0 0 0 0 0 0 0 0 0 0 0 0 0 0 0 0 0 0 0 0 0 0 0 0 0 0 0 0 0 0 0 0 0 0 0 0 0 0 0 0 0 0 0 0 0 0 0 0 0 0 0 0 0 0 0 0 0 0 0 0 0 0 0 0 0 0 0 0 0 0 0 0 0 0 0
0 0 0 0 0 0 0 0 0 0 0 0 0 0 0 0 0 0 0 0 0 0 0 0 0 0 0 0 0 0 0 0 0 0 0 0 0 0 0 0 0 0 0 0 0 0 0 0 0 0 0 0 0 0 0 0 0 0 0 0 0 0 0 0 0 0 0 0 0 0 0 0 0 0 0 0 0 0 0 0 0 0 0 0 0 0 0 0 0 0 0 0 0 0 0 0 0 0 0 0 0 0 0 0 0 0 0 0 0 0 0 0 0 0 0 0 0 0 0 0 0 0 0 0 0 0 0 0
0 0 0 0 0 0 0 0 0 0 0 0 0 0 0 0 0 0 0 0 0 0 0 0 0 0 0 0 0 0 0 0 0 0 0 0 0 0 0 0 0 0 0 0 0 0 0 0 0 0 0 0 0 0 0 0 0 0 0 0 0 0 0 0 0 0 0 0 0 0 0 0 0 0 0 0 0 0 0 0 0 0 0 0 0 0 0 0 0 0 0 0 0 0 0 0 0 0 0 0 0 0 0 0 0 0 0 0 0 0 0 0 0 0 0 0 0 0 0 0 0 0 0 0 0 0 0 0
7 7 7 0 0 0 0 0 0 7 0 0 0 0 0 0 7 7 7 0 0 0 0 0 0 7 7 0 0 0 0 0 7 7 7 0 0 0 0 0 7 0 7 0 0 0 0 0 7 0 7 0 0 0 0 0 7 0 7 0 0 0 0 0 7 0 7 0 0 0 0 0 7 0 7 0 0 0 0 0 7 7 7 0 0 0 0 0 0 7 7 0 0 0 0 0 0 7 0 0 0 0 0 0 7 7 0 0 0 0 0 0 0 0 0 0 0 0 0 0 0 0 0 0 0 0 0 0
7 0 7 0 0 0 0 0 7 0 7 0 0 0 0 0 7 0 7 0 0 0 0 0 7 0 0 0 0 0 0 0 0 7 0 0 0 0 0 0 7 0 7 0 0 0 0 0 7 0 7 0 0 0 0 0 7 0 7 0 0 0 0 0 7 0 7 0 0 0 0 0 7 0 7 0 0 0 0 0 0 0 7 0 0 0 0 0 0 7 0 0 0 0 0 0 0 7 0 0 0 0 0 0 0 7 0 0 0 0 0 0 0 0 7 0 0 0 0 0 0 7 0 0 0 0 0 0
7 7 7 0 0 0 0 0 7 0 7 0 0 0 0 0 7 7 0 0 0 0 0 0 7 7 7 0 0 0 0 0 0 7 0 0 0 0 0 0 7 0 7 0 0 0 0 0 7 0 7 0 0 0 0 0 7 0 7 0 0 0 0 0 0 7 0 0 0 0 0 0 7 7 7 0 0 0 0 0 0 7 0 0 0 0 0 0 7 7 0 0 0 0 0 0 0 7 0 0 0 0 0 0 0 7 7 0 0 0 0 0 7 7 7 0 0 0 0 0 7 0 7 0 0 0 0 0
7 0 0 0 0 0 0 0 7 7 0 0 0 0 0 0 7 0 7 0 0 0 0 0 0 0 7 0 0 0 0 0 0 7 0 0 0 0 0 0 7 0 7 0 0 0 0 0 7 7 7 0 0 0 0 0 7 7 7 0 0 0 0 0 7 0 7 0 0 0 0 0 0 0 7 0 0 0 0 0 7 0 0 0 0 0 0 0 0 7 0 0 0 0 0 0 0 7 0 0 0 0 0 0 0 7 0 0 0 0 0 0 7 0 0 0 0 0 0 0 0 7 0 0 0 0 0 0
7 0 0 0 0 0 0 0 0 7 7 0 0 0 0 0 7 0 7 0 0 0 0 0 7 7 0 0 0 0 0 0 0 7 0 0 0 0 0 0 0 7 7 0 0 0 0 0 0 7 0 0 0 0 0 0 7 7 7 0 0 0 0 0 7 0 7 0 0 0 0 0 7 7 7 0 0 0 0 0 7 7 7 0 0 0 0 0 0 7 7 0 0 0 0 0 0 7 0 0 0 0 0 0 7 7 0 0 0 0 0 0 0 0 0 0 0 0 0 0 0 0 0 0 0 0 0 0
0 0 0 0 0 0 0 0 0 0 0 0 0 0 0 0 0 0 0 0 0 0 0 0 0 0 0 0 0 0 0 0 0 0 0 0 0 0 0 0 0 0 0 0 0 0 0 0 0 0 0 0 0 0 0 0 0 0 0 0 0 0 0 0 0 0 0 0 0 0 0 0 0 0 0 0 0 0 0 0 0 0 0 0 0 0 0 0 0 0 0 0 0 0 0 0 0 0 0 0 0 0 0 0 0 0 0 0 0 0 0 0 0 0 0 0 0 0 0 0 0 0 0 0 0 0 0 0
0 0 0 0 0 0 0 0 0 0 0 0 0 0 0 0 0 0 0 0 0 0 0 0 0 0 0 0 0 0 0 0 0 0 0 0 0 0 0 0 0 0 0 0 0 0 0 0 0 0 0 0 0 0 0 0 0 0 0 0 0 0 0 0 0 0 0 0 0 0 0 0 0 0 0 0 0 0 0 0 0 0 0 0 0 0 0 0 0 0 0 0 0 0 0 0 0 0 0 0 0 0 0 0 0 0 0 0 0 0 0 0 0 0 0 0 0 0 0 0 0 0 0 0 0 0 0 0
0 0 0 0 0 0 0 0 0 0 0 0 0 0 0 0 0 0 0 0 0 0 0 0 0 0 0 0 0 0 0 0 0 0 0 0 0 0 0 0 0 0 0 0 0 0 0 0 0 0 0 0 0 0 0 0 0 0 0 0 0 0 0 0 0 0 0 0 0 0 0 0 0 0 0 0 0 0 0 0 0 0 0 0 0 0 0 0 0 0 0 0 0 0 0 0 0 0 0 0 0 0 0 0 0 0 0 0 0 0 0 0 0 0 0 0 0 0 0 0 0 0 0 0 0 0 0 0
7 7 7 7 7 7 7 0 7 0 7 0 7 0 7 0 7 0 0 0 0 0 7 0 0 7 7 7 7 7 0 0 7 0 0 0 7 0 0 0 0 0 7 0 0 0 0 0 0 0 7 7 7 0 0 0 0 7 7 0 7 7 0 0 0 0 7 7 7 0 0 0 0 0 7 7 7 0 0 0 0 0 7 7 7 0 0 0 0 7 7 7 7 7 0 0 7 7 7 7 7 7 7 0 0 0 0 7 7 7 0 0 0 7 7 7 7 7 0 0 0 0 0 7 0 0 0 0
7 7 7 7 7 7 7 0 0 7 0 7 0 7 0 0 7 7 7 7 7 7 7 0 7 7 0 0 0 7 7 0 0 0 7 0 0 0 7 0 0 0 7 7 7 7 0 0 0 7 7 7 0 7 0 0 0 7 7 7 7 7 0 0 0 7 7 0 7 7 0 0 0 0 7 7 7 0 0 0 0 7 7 7 7 7 0 0 7 7 7 0 0 7 7 0 7 0 7 7 7 0 7 0 0 0 0 7 0 0 0 0 7 7 0 0 0 7 7 0 0 0 7 7 7 0 0 0
7 7 7 7 7 7 7 0 7 0 7 0 7 0 7 0 7 0 7 7 7 0 7 0 7 7 0 0 0 7 7 0 7 0 0 0 7 0 0 0 0 0 7 7 7 0 0 0 0 7 7 7 7 7 0 0 0 7 7 7 7 7 0 0 7 7 7 0 7 7 7 0 0 7 7 7 7 7 0 0 7 7 7 7 7 7 7 0 7 7 0 0 0 7 7 0 7 7 7 7 7 7 7 0 0 0 0 7 0 0 0 0 7 7 0 7 0 7 7 0 0 7 7 7 7 7 0 0
7 7 7 7 7 7 7 0 0 7 0 7 0 7 0 0 7 0 7 7 7 0 7 0 7 7 7 0 7 7 7 0 0 0 7 0 0 0 7 0 0 7 7 7 7 0 0 0 0 7 7 7 7 7 0 0 0 0 7 7 7 0 0 0 0 7 7 0 7 7 0 0 0 0 7 7 7 0 0 0 0 7 0 7 0 7 0 0 7 7 7 0 0 7 7 0 7 0 0 0 0 0 7 0 0 7 7 7 0 0 0 0 7 7 0 0 0 7 7 0 0 0 7 7 7 0 0 0
7 7 7 7 7 7 7 0 7 0 7 0 7 0 7 0 0 7 7 7 7 7 0 0 0 7 7 7 7 7 0 0 7 0 0 0 7 0 0 0 0 0 0 0 7 0 0 0 0 0 7 7 7 0 0 0 0 0 0 7 0 0 0 0 0 0 7 7 7 0 0 0 0 0 7 0 7 0 0 0 0 7 0 7 7 7 0 0 0 7 7 7 7 7 0 0 7 7 7 7 7 7 7 0 0 7 7 7 0 0 0 0 0 7 7 7 7 7 0 0 0 0 0 7 0 0 0 0
0 0 0 0 0 0 0 0 0 0 0 0 0 0 0 0 0 0 0 0 0 0 0 0 0 0 0 0 0 0 0 0 0 0 0 0 0 0 0 0 0 0 0 0 0 0 0 0 0 0 0 0 0 0 0 0 0 0 0 0 0 0 0 0 0 0 0 0 0 0 0 0 0 0 0 0 0 0 0 0 0 0 0 0 0 0 0 0 0 0 0 0 0 0 0 0 0 0 0 0 0 0 0 0 0 0 0 0 0 0 0 0 0 0 0 0 0 0 0 0 0 0 0 0 0 0 0 0
0 0 0 0 0 0 0 0 0 0 0 0 0 0 0 0 0 0 0 0 0 0 0 0 0 0 0 0 0 0 0 0 0 0 0 0 0 0 0 0 0 0 0 0 0 0 0 0 0 0 0 0 0 0 0 0 0 0 0 0 0 0 0 0 0 0 0 0 0 0 0 0 0 0 0 0 0 0 0 0 0 0 0 0 0 0 0 0 0 0 0 0 0 0 0 0 0 0 0 0 0 0 0 0 0 0 0 0 0 0 0 0 0 0 0 0 0 0 0 0 0 0 0 0 0 0 0 0
0 0 0 0 0 0 0 0 0 0 0 0 0 0 0 0 0 0 0 0 0 0 0 0 0 0 0 0 0 0 0 0 0 0 0 0 0 0 0 0 0 0 0 0 0 0 0 0 0 0 0 0 0 0 0 0 0 0 0 0 0 0 0 0 0 0 0 0 0 0 0 0 0 0 0 0 0 0 0 0 0 0 0 0 0 0 0 0 0 0 0 0 0 0 0 0 0 0 0 0 0 0 0 0 0 0 0 0 0 0 0 0 0 0 0 0 0 0 0 0 0 0 0 0 0 0 0 0
0 0 0 0 0 0 0 0 0 7 7 7 7 7 0 0 0 0 0 7 0 0 0 0 0 7 7 7 7 7 0 0 0 7 7 7 7 7 0 0 0 0 0 0 0 0 0 0 0 0 0 0 0 0 0 0 0 7 7 7 7 7 0 0 7 7 7 7 7 7 7 0 7 0 7 0 7 0 7 0 0 7 7 7 0 0 0 0 7 0 0 0 0 0 0 0 0 0 7 7 7 0 0 0 0 0 0 7 0 0 0 0 0 7 7 7 0 0 7 0 0 7 0 0 0 7 0 0
0 0 0 0 0 0 0 0 7 7 0 0 7 7 7 0 0 0 7 7 7 0 0 0 0 0 7 7 7 0 0 0 7 7 7 0 7 7 7 0 7 0 7 0 0 0 0 0 7 0 0 0 7 0 0 0 7 7 0 7 0 7 7 0 0 0 0 0 0 0 0 0 7 0 7 0 7 0 7 0 0 0 7 0 0 0 0 0 7 0 0 0 7 0 0 0 0 0 0 0 0 0 0 0 0 7 7 7 7 0 0 0 0 0 7 0 0 0 0 0 7 7 7 7 7 0 7 0
7 0 7 0 7 0 7 0 7 7 0 0 0 7 7 0 7 7 7 7 7 7 7 0 0 0 0 7 0 0 0 0 7 7 0 0 0 7 7 0 0 7 0 0 7 0 7 0 0 7 0 7 0 7 0 0 7 7 7 0 7 7 7 0 7 7 7 7 7 7 7 0 7 0 7 0 7 0 7 0 0 7 7 7 7 0 0 0 7 0 0 0 0 7 0 0 0 7 7 7 7 7 0 0 0 0 0 7 0 0 0 0 0 7 7 7 7 7 0 0 0 7 0 0 7 0 0 0
0 0 0 0 0 0 0 0 7 7 0 0 7 7 7 0 0 7 7 7 7 7 0 0 0 0 7 7 7 0 0 0 7 7 0 0 0 7 7 0 0 0 0 0 0 7 0 0 0 0 7 0 0 0 7 0 7 7 0 7 0 7 7 0 0 0 0 0 0 0 0 0 7 0 7 0 7 0 7 0 7 0 7 7 0 7 0 0 7 0 7 0 0 7 0 0 0 0 0 0 0 7 0 0 0 0 7 0 0 7 0 0 7 0 7 0 0 0 7 0 0 7 0 0 7 0 0 0
0 0 0 0 0 0 0 0 0 7 7 7 7 7 0 0 0 7 0 0 0 7 0 0 0 7 7 7 7 7 0 0 0 7 7 7 7 7 0 0 0 0 0 0 0 0 0 0 0 0 0 0 0 0 0 0 0 7 7 7 7 7 0 0 7 7 7 7 7 7 7 0 7 0 7 0 7 0 7 0 0 7 7 0 0 7 0 0 0 7 0 0 0 0 0 0 0 0 0 7 7 0 0 0 0 7 0 7 7 0 0 0 0 7 7 0 0 7 0 0 0 7 0 7 0 0 0 0
0 0 0 0 0 0 0 0 0 0 0 0 0 0 0 0 0 0 0 0 0 0 0 0 0 0 0 0 0 0 0 0 0 0 0 0 0 0 0 0 0 0 0 0 0 0 0 0 0 0 0 0 0 0 0 0 0 0 0 0 0 0 0 0 0 0 0 0 0 0 0 0 0 0 0 0 0 0 0 0 0 0 0 0 0 0 0 0 0 0 0 0 0 0 0 0 0 0 0 0 0 0 0 0 0 0 0 0 0 0 0 0 0 0 0 0 0 0 0 0 0 0 0 0 0 0 0 0
0 0 0 0 0 0 0 0 0 0 0 0 0 0 0 0 0 0 0 0 0 0 0 0 0 0 0 0 0 0 0 0 0 0 0 0 0 0 0 0 0 0 0 0 0 0 0 0 0 0 0 0 0 0 0 0 0 0 0 0 0 0 0 0 0 0 0 0 0 0 0 0 0 0 0 0 0 0 0 0 0 0 0 0 0 0 0 0 0 0 0 0 0 0 0 0 0 0 0 0 0 0 0 0 0 0 0 0 0 0 0 0 0 0 0 0 0 0 0 0 0 0 0 0 0 0 0 0
0 0 0 0 0 0 0 0 0 0 0 0 0 0 0 0 0 0 0 0 0 0 0 0 0 0 0 0 0 0 0 0 0 0 0 0 0 0 0 0 0 0 0 0 0 0 0 0 0 0 0 0 0 0 0 0 0 0 0 0 0 0 0 0 0 0 0 0 0 0 0 0 0 0 0 0 0 0 0 0 0 0 0 0 0 0 0 0 0 0 0 0 0 0 0 0 0 0 0 0 0 0 0 0 0 0 0 0 0 0 0 0 0 0 0 0 0 0 0 0 0 0 0 0 0 0 0 0
0 0 7 7 7 0 0 0 0 0 0 0 7 7 0 0 0 7 0 0 0 7 0 0 0 7 7 7 0 0 0 0 0 7 7 7 7 7 0 0 0 7 0 0 0 0 0 0 0 0 0 7 0 0 0 0 0 7 0 0 7 0 0 0 0 0 7 7 7 7 0 0 0 0 7 0 0 0 0 0 0 0 7 0 0 0 0 0 0 0 7 7 7 7 0 0 0 7 7 7 7 7 0 0 0 0 0 7 0 0 0 0 0 7 0 0 0 7 7 0 0 7 0 7 7 7 7 0
0 7 7 7 7 7 0 0 0 0 7 7 0 0 0 0 0 7 0 7 7 7 7 0 0 0 0 0 7 0 0 0 0 0 0 7 0 0 0 0 0 7 0 0 0 0 0 0 0 7 7 7 7 7 0 0 0 7 7 7 7 7 0 0 0 0 0 0 7 0 0 0 0 7 7 7 0 0 0 0 7 7 7 7 7 7 0 0 7 7 0 0 0 0 7 0 0 0 0 0 7 0 0 0 0 0 0 7 7 7 0 0 7 7 7 7 0 0 0 0 0 7 0 0 0 0 7 0
0 0 7 7 7 0 0 0 0 7 0 0 0 0 0 0 0 7 0 0 0 7 0 0 0 0 0 0 0 0 0 0 0 7 7 7 0 0 0 0 0 7 0 0 0 0 0 0 0 0 0 7 0 0 0 0 0 7 0 0 7 0 0 0 0 7 7 7 7 7 7 0 0 0 7 0 7 7 0 0 0 0 7 7 7 0 0 0 0 0 0 0 0 0 7 0 0 0 0 7 0 0 0 0 0 0 7 0 0 0 0 0 0 7 0 0 0 7 0 0 0 7 0 0 0 0 0 0
0 7 0 0 0 0 0 0 0 0 7 7 0 0 0 0 0 7 0 0 0 7 0 0 0 7 0 0 0 0 0 0 7 0 0 0 0 0 0 0 0 7 0 0 0 7 0 0 0 0 7 7 0 0 0 0 0 7 0 0 0 0 0 0 0 0 0 7 0 0 0 0 0 7 0 0 0 0 0 0 0 0 0 0 7 7 0 0 0 0 0 0 0 7 0 0 0 0 0 7 0 0 0 0 0 7 0 0 0 0 0 0 7 0 0 7 7 7 0 0 0 7 0 7 0 0 0 0
0 0 7 7 7 0 0 0 0 0 0 0 7 7 0 0 0 7 0 0 7 0 0 0 0 0 7 7 7 7 0 0 0 7 7 7 7 0 0 0 0 0 7 7 7 0 0 0 0 0 0 7 0 0 0 0 0 0 7 7 7 0 0 0 0 0 0 0 7 7 7 0 0 7 0 0 7 7 7 0 0 7 7 7 7 0 0 0 0 0 0 7 7 0 0 0 0 0 0 0 7 0 0 0 0 0 7 7 7 7 0 0 0 0 0 7 7 0 7 0 0 7 0 0 7 7 7 0
0 0 0 0 0 0 0 0 0 0 0 0 0 0 0 0 0 0 0 0 0 0 0 0 0 0 0 0 0 0 0 0 0 0 0 0 0 0 0 0 0 0 0 0 0 0 0 0 0 0 0 0 0 0 0 0 0 0 0 0 0 0 0 0 0 0 0 0 0 0 0 0 0 0 0 0 0 0 0 0 0 0 0 0 0 0 0 0 0 0 0 0 0 0 0 0 0 0 0 0 0 0 0 0 0 0 0 0 0 0 0 0 0 0 0 0 0 0 0 0 0 0 0 0 0 0 0 0
0 0 0 0 0 0 0 0 0 0 0 0 0 0 0 0 0 0 0 0 0 0 0 0 0 0 0 0 0 0 0 0 0 0 0 0 0 0 0 0 0 0 0 0 0 0 0 0 0 0 0 0 0 0 0 0 0 0 0 0 0 0 0 0 0 0 0 0 0 0 0 0 0 0 0 0 0 0 0 0 0 0 0 0 0 0 0 0 0 0 0 0 0 0 0 0 0 0 0 0 0 0 0 0 0 0 0 0 0 0 0 0 0 0 0 0 0 0 0 0 0 0 0 0 0 0 0 0
0 0 0 0 0 0 0 0 0 0 0 0 0 0 0 0 0 0 0 0 0 0 0 0 0 0 0 0 0 0 0 0 0 0 0 0 0 0 0 0 0 0 0 0 0 0 0 0 0 0 0 0 0 0 0 0 0 0 0 0 0 0 0 0 0 0 0 0 0 0 0 0 0 0 0 0 0 0 0 0 0 0 0 0 0 0 0 0 0 0 0 0 0 0 0 0 0 0 0 0 0 0 0 0 0 0 0 0 0 0 0 0 0 0 0 0 0 0 0 0 0 0 0 0 0 0 0 0
7 0 0 7 0 0 0 0 0 7 0 0 7 7 0 0 0 0 7 7 7 7 0 0 0 7 0 0 7 0 0 0 7 7 0 0 0 7 0 0 0 0 7 7 0 0 0 0 0 0 0 0 0 0 0 0 7 0 7 7 7 7 0 0 0 0 7 7 7 0 0 0 0 7 7 0 0 0 0 0 0 0 7 0 0 7 0 0 0 7 0 7 0 0 0 0 0 7 7 7 7 0 0 0 0 0 7 0 0 7 0 0 0 7 0 7 7 7 0 0 0 0 0 7 0 0 0 0
0 7 7 7 7 7 0 0 7 7 0 7 0 0 7 0 0 7 0 7 0 0 7 0 0 7 0 7 7 7 0 0 0 7 0 0 0 7 7 0 0 0 0 0 0 0 0 0 0 0 7 7 0 0 0 0 7 0 0 0 7 0 0 0 0 7 7 7 7 7 0 0 0 0 7 0 0 7 0 0 0 7 7 7 0 0 7 0 0 0 7 7 7 7 0 0 0 0 7 0 0 0 0 0 0 7 7 7 7 7 7 0 0 7 7 0 7 0 7 0 0 0 0 7 7 7 0 0
7 7 0 7 0 0 7 0 0 7 7 0 0 0 7 0 7 0 0 7 0 0 7 0 0 7 0 0 7 0 0 0 0 7 0 0 0 7 0 0 0 0 0 7 0 0 0 0 0 7 0 0 7 0 0 0 7 0 7 7 7 7 0 0 0 0 0 7 0 0 0 0 0 7 7 7 7 7 7 0 0 0 7 0 0 0 0 0 0 7 0 7 7 0 7 0 0 7 7 7 7 0 0 0 0 0 7 0 0 7 7 0 0 7 0 0 7 0 7 0 0 0 0 7 0 0 0 0
7 0 7 7 0 7 7 0 7 7 0 0 0 7 7 0 7 0 0 7 0 0 7 0 0 7 0 7 7 7 0 0 0 7 0 0 0 7 0 0 0 7 0 7 0 7 0 0 7 0 0 0 0 7 0 0 7 0 0 7 7 0 0 0 0 7 7 7 7 0 0 0 0 7 7 0 0 7 0 0 0 7 7 0 0 0 7 0 0 7 7 0 0 0 7 0 0 0 7 0 0 0 7 0 0 0 0 7 0 0 0 0 0 0 0 0 7 7 0 0 0 7 7 7 7 0 0 0
0 7 7 0 0 7 7 0 0 7 0 0 0 7 7 0 0 7 7 0 0 7 0 0 0 7 0 7 7 0 7 0 0 0 7 7 7 0 0 0 7 0 7 7 0 0 7 0 0 0 0 0 0 0 7 0 7 0 7 7 0 7 7 0 0 0 7 7 0 7 0 0 0 0 0 0 7 0 0 0 0 0 7 7 7 7 0 0 0 0 0 0 7 7 0 0 0 0 0 7 7 7 0 0 0 0 0 7 0 0 0 0 0 0 0 7 0 0 0 0 0 7 7 0 0 7 0 0
0 0 0 0 0 0 0 0 0 0 0 0 0 0 0 0 0 0 0 0 0 0 0 0 0 0 0 0 0 0 0 0 0 0 0 0 0 0 0 0 0 0 0 0 0 0 0 0 0 0 0 0 0 0 0 0 0 0 0 0 0 0 0 0 0 0 0 0 0 0 0 0 0 0 0 0 0 0 0 0 0 0 0 0 0 0 0 0 0 0 0 0 0 0 0 0 0 0 0 0 0 0 0 0 0 0 0 0 0 0 0 0 0 0 0 0 0 0 0 0 0 0 0 0 0 0 0 0
0 0 0 0 0 0 0 0 0 0 0 0 0 0 0 0 0 0 0 0 0 0 0 0 0 0 0 0 0 0 0 0 0 0 0 0 0 0 0 0 0 0 0 0 0 0 0 0 0 0 0 0 0 0 0 0 0 0 0 0 0 0 0 0 0 0 0 0 0 0 0 0 0 0 0 0 0 0 0 0 0 0 0 0 0 0 0 0 0 0 0 0 0 0 0 0 0 0 0 0 0 0 0 0 0 0 0 0 0 0 0 0 0 0 0 0 0 0 0 0 0 0 0 0 0 0 0 0
0 0 0 0 0 0 0 0 0 0 0 0 0 0 0 0 0 0 0 0 0 0 0 0 0 0 0 0 0 0 0 0 0 0 0 0 0 0 0 0 0 0 0 0 0 0 0 0 0 0 0 0 0 0 0 0 0 0 0 0 0 0 0 0 0 0 0 0 0 0 0 0 0 0 0 0 0 0 0 0 0 0 0 0 0 0 0 0 0 0 0 0 0 0 0 0 0 0 0 0 0 0 0 0 0 0 0 0 0 0 0 0 0 0 0 0 0 0 0 0 0 0 0 0 0 0 0 0
0 0 0 7 0 0 0 0 0 7 0 0 0 0 0 0 0 0 7 7 7 7 0 0 0 0 7 0 0 0 0 0 0 0 7 7 7 7 0 0 0 7 0 0 7 7 0 0 0 7 7 7 0 0 0 0 0 7 0 0 0 0 0 0 0 0 0 0 0 0 0 0 0 0 0 0 0 0 0 0 0 0 0 0 0 0 0 0 0 0 0 0 0 0 0 0 0 7 7 7 7 7 0 0 0 0 0 0 7 7 0 0 0 0 0 7 0 0 0 0 0 0 7 7 7 0 0 0
0 7 0 0 0 0 0 0 0 7 0 0 0 7 0 0 0 0 0 0 7 0 0 0 0 7 7 0 7 7 0 0 0 0 0 0 7 0 0 0 7 7 0 7 0 0 7 0 0 0 7 0 0 7 7 0 0 7 7 7 0 0 0 0 0 0 0 0 0 0 0 0 0 7 0 7 0 0 0 0 0 0 7 0 0 0 0 0 0 7 0 0 0 0 0 0 0 0 0 0 0 7 0 0 0 7 7 7 0 0 0 0 0 7 7 7 7 7 0 0 0 0 0 7 0 0 0 0
0 7 7 7 7 7 0 0 0 7 0 0 0 7 0 0 0 0 7 7 7 7 7 0 0 0 7 7 0 7 0 0 0 0 7 7 7 7 7 0 0 7 7 0 0 0 7 0 0 0 7 7 7 0 0 0 0 7 0 0 7 0 0 0 0 7 7 7 0 0 0 0 7 7 7 7 7 0 0 0 7 7 7 7 0 0 0 0 0 7 7 7 0 0 0 0 0 0 7 0 7 0 0 0 0 0 0 7 0 0 0 0 0 0 0 0 0 7 0 0 0 0 0 7 0 0 0 0
0 0 0 0 0 7 0 0 0 0 7 0 0 7 0 0 0 7 0 0 7 7 7 0 0 7 7 0 0 7 0 0 0 7 0 0 0 0 7 0 7 7 0 0 0 7 0 0 0 0 0 7 0 7 0 0 7 0 0 0 7 0 7 0 0 0 0 0 7 0 0 0 0 7 0 7 7 0 0 0 7 0 7 0 7 0 0 0 0 7 0 0 0 0 0 0 0 0 7 0 0 0 0 0 0 0 0 7 0 0 0 0 0 0 0 0 7 0 0 0 0 0 0 7 0 0 0 0
0 0 7 7 7 0 0 0 0 0 0 0 7 0 0 0 0 0 0 0 7 7 0 0 0 0 7 0 0 7 7 0 0 0 0 0 7 7 0 0 0 7 0 0 7 0 0 0 0 0 0 7 7 7 7 0 7 0 0 0 7 7 0 0 0 0 0 7 0 0 0 0 0 0 7 0 0 0 0 0 7 0 7 7 0 0 0 0 7 0 7 7 7 0 0 0 0 7 0 0 0 0 0 0 0 0 0 7 0 0 0 0 0 0 7 7 0 0 0 0 0 7 7 7 7 7 0 0
0 0 0 0 0 0 0 0 0 0 0 0 0 0 0 0 0 0 0 0 0 0 0 0 0 0 0 0 0 0 0 0 0 0 0 0 0 0 0 0 0 0 0 0 0 0 0 0 0 0 0 0 0 0 0 0 0 0 0 0 0 0 0 0 0 0 0 0 0 0 0 0 0 0 0 0 0 0 0 0 0 0 0 0 0 0 0 0 0 0 0 0 0 0 0 0 0 0 0 0 0 0 0 0 0 0 0 0 0 0 0 0 0 0 0 0 0 0 0 0 0 0 0 0 0 0 0 0
0 0 0 0 0 0 0 0 0 0 0 0 0 0 0 0 0 0 0 0 0 0 0 0 0 0 0 0 0 0 0 0 0 0 0 0 0 0 0 0 0 0 0 0 0 0 0 0 0 0 0 0 0 0 0 0 0 0 0 0 0 0 0 0 0 0 0 0 0 0 0 0 0 0 0 0 0 0 0 0 0 0 0 0 0 0 0 0 0 0 0 0 0 0 0 0 0 0 0 0 0 0 0 0 0 0 0 0 0 0 0 0 0 0 0 0 0 0 0 0 0 0 0 0 0 0 0 0
0 0 0 0 0 0 0 0 0 0 0 0 0 0 0 0 0 0 0 0 0 0 0 0 0 0 0 0 0 0 0 0 0 0 0 0 0 0 0 0 0 0 0 0 0 0 0 0 0 0 0 0 0 0 0 0 0 0 0 0 0 0 0 0 0 0 0 0 0 0 0 0 0 0 0 0 0 0 0 0 0 0 0 0 0 0 0 0 0 0 0 0 0 0 0 0 0 0 0 0 0 0 0 0 0 0 0 0 0 0 0 0 0 0 0 0 0 0 0 0 0 0 0 0 0 0 0 0
0 0 0 0 7 0 0 0 0 0 7 0 0 0 0 0 0 0 7 0 0 0 0 0 0 0 7 0 0 0 0 0 0 0 7 0 0 0 0 0 0 7 7 7 7 7 0 0 0 0 7 0 0 7 0 0 0 0 0 7 0 0 0 0 0 7 7 7 7 7 0 0 0 0 7 0 0 0 0 0 0 7 0 0 0 7 0 0 0 0 7 7 7 7 7 0 0 0 7 7 7 0 0 0 0 7 0 7 0 0 7 0 0 0 7 7 7 0 0 0 0 0 7 0 0 0 0 0
0 7 7 7 7 7 7 0 0 7 7 7 7 7 0 0 0 7 7 7 7 0 0 0 0 0 7 7 7 7 0 0 0 0 7 7 7 7 7 0 0 0 0 0 0 7 0 0 0 7 7 7 7 7 7 0 0 7 0 0 7 0 0 0 0 0 0 0 0 7 0 0 0 7 7 7 7 7 7 0 0 0 7 0 0 7 0 0 0 0 7 0 0 0 7 0 0 0 0 7 0 0 0 0 0 7 0 7 0 0 7 0 0 0 0 0 0 0 0 0 0 0 7 0 0 0 0 0
0 0 0 7 7 0 0 0 0 0 7 0 0 7 0 0 0 0 0 7 0 0 0 0 0 7 0 0 0 7 0 0 0 7 0 0 7 0 0 0 0 0 0 0 0 7 0 0 0 0 7 0 0 7 0 0 0 0 7 0 0 0 0 0 0 0 0 0 7 0 0 0 0 0 7 0 0 7 0 0 0 0 0 0 0 7 0 0 0 7 0 0 7 0 7 0 0 7 7 7 7 7 0 0 0 0 0 0 0 7 0 0 0 7 7 7 7 7 0 0 0 0 7 7 7 0 0 0
0 7 7 0 7 0 0 0 0 7 0 0 0 7 0 0 0 7 7 7 7 7 0 0 0 0 0 0 7 0 0 0 0 0 0 0 7 0 0 0 0 0 0 0 0 7 0 0 0 0 0 0 0 7 0 0 0 0 0 0 0 7 7 0 0 0 0 7 7 0 0 0 0 0 7 0 0 0 0 0 0 0 0 0 7 0 0 0 0 0 0 0 0 7 7 0 0 0 0 7 0 0 0 0 0 0 0 0 7 0 0 0 0 0 0 7 0 0 0 0 0 0 7 0 0 7 0 0
0 0 0 7 7 0 0 0 0 7 0 0 7 7 0 0 0 0 0 7 0 0 0 0 0 0 0 7 0 0 0 0 0 0 0 7 0 0 0 0 0 7 7 7 7 7 0 0 0 0 0 0 7 0 0 0 0 0 7 7 7 0 0 0 0 7 7 0 0 7 0 0 0 0 0 7 7 7 0 0 0 0 0 7 0 0 0 0 0 0 0 0 7 0 0 0 0 0 7 0 0 0 0 0 0 0 7 7 0 0 0 0 0 0 7 0 0 0 0 0 0 0 7 0 0 0 0 0
0 0 0 0 0 0 0 0 0 0 0 0 0 0 0 0 0 0 0 0 0 0 0 0 0 0 0 0 0 0 0 0 0 0 0 0 0 0 0 0 0 0 0 0 0 0 0 0 0 0 0 0 0 0 0 0 0 0 0 0 0 0 0 0 0 0 0 0 0 0 0 0 0 0 0 0 0 0 0 0 0 0 0 0 0 0 0 0 0 0 0 0 0 0 0 0 0 0 0 0 0 0 0 0 0 0 0 0 0 0 0 0 0 0 0 0 0 0 0 0 0 0 0 0 0 0 0 0
0 0 0 0 0 0 0 0 0 0 0 0 0 0 0 0 0 0 0 0 0 0 0 0 0 0 0 0 0 0 0 0 0 0 0 0 0 0 0 0 0 0 0 0 0 0 0 0 0 0 0 0 0 0 0 0 0 0 0 0 0 0 0 0 0 0 0 0 0 0 0 0 0 0 0 0 0 0 0 0 0 0 0 0 0 0 0 0 0 0 0 0 0 0 0 0 0 0 0 0 0 0 0 0 0 0 0 0 0 0 0 0 0 0 0 0 0 0 0 0 0 0 0 0 0 0 0 0
0 0 0 0 0 0 0 0 0 0 0 0 0 0 0 0 0 0 0 0 0 0 0 0 0 0 0 0 0 0 0 0 0 0 0 0 0 0 0 0 0 0 0 0 0 0 0 0 0 0 0 0 0 0 0 0 0 0 0 0 0 0 0 0 0 0 0 0 0 0 0 0 0 0 0 0 0 0 0 0 0 0 0 0 0 0 0 0 0 0 0 0 0 0 0 0 0 0 0 0 0 0 0 0 0 0 0 0 0 0 0 0 0 0 0 0 0 0 0 0 0 0 0 0 0 0 0 0
0 0 0 7 0 0 0 0 0 0 0 0 0 0 0 0 0 7 7 7 7 7 0 0 0 0 0 7 0 0 0 0 0 0 0 0 0 7 0 0 0 0 0 0 7 0 0 0 0 7 0 0 0 0 0 0 0 7 7 7 7 7 0 0 0 0 7 7 0 0 0 0 0 0 0 7 0 0 0 0 0 7 7 7 7 7 0 0 0 0 7 7 7 7 0 0 0 0 0 7 0 0 0 0 0 0 0 0 0 0 7 0 0 7 7 7 7 7 0 0 0 0 7 0 7 7 7 0
0 7 7 7 7 7 0 0 0 0 7 7 7 0 0 0 0 0 0 0 0 7 0 0 0 7 7 7 7 7 0 0 0 0 0 0 0 7 0 0 0 0 7 0 0 7 0 0 0 7 0 0 7 7 0 0 0 0 0 0 0 7 0 0 0 7 0 0 7 0 0 0 0 7 7 7 7 7 0 0 0 0 0 0 0 7 0 0 0 0 0 0 0 0 0 0 0 0 7 0 0 0 0 0 0 0 0 7 0 7 0 0 0 0 0 7 0 0 0 0 0 7 7 7 0 0 7 0
0 0 0 7 0 0 0 0 0 0 0 0 0 0 0 0 0 0 0 7 0 7 0 0 0 0 0 0 0 7 0 0 0 0 0 0 7 0 0 0 0 0 7 0 0 7 0 0 0 7 7 7 0 0 0 0 0 0 0 0 0 7 0 0 7 0 0 0 0 7 0 0 0 0 0 7 0 0 0 0 0 0 7 0 7 0 0 0 0 7 7 7 7 7 0 0 0 0 7 0 0 7 0 0 0 0 0 0 7 0 0 0 0 7 7 7 7 7 7 0 0 0 7 0 0 7 0 0
0 0 0 7 0 0 0 0 0 0 0 0 0 0 0 0 0 0 0 0 7 7 0 0 7 7 7 7 7 0 7 0 0 0 0 7 0 0 0 0 0 7 0 0 0 0 7 0 0 7 0 0 0 0 0 0 0 0 0 0 7 0 0 0 0 0 0 0 0 0 7 0 0 7 0 7 0 7 0 0 0 0 0 7 0 0 0 0 0 0 0 0 0 0 0 0 0 7 0 0 0 7 7 0 0 0 0 7 0 7 7 0 0 0 0 7 0 0 0 0 0 0 0 7 0 0 0 0
0 0 7 0 0 0 0 0 0 7 7 7 7 7 0 0 0 0 7 7 0 0 0 0 0 0 0 7 0 0 0 0 0 7 7 0 0 0 0 0 0 7 0 0 0 0 7 0 0 0 7 7 7 7 0 0 0 0 7 7 0 0 0 0 0 0 0 0 0 0 0 0 7 0 7 7 0 0 7 0 0 0 0 0 7 0 0 0 0 7 7 7 7 0 0 0 0 7 7 7 7 0 7 0 0 7 7 0 0 0 0 0 0 0 0 0 7 7 7 0 0 0 0 7 0 0 0 0
0 0 0 0 0 0 0 0 0 0 0 0 0 0 0 0 0 0 0 0 0 0 0 0 0 0 0 0 0 0 0 0 0 0 0 0 0 0 0 0 0 0 0 0 0 0 0 0 0 0 0 0 0 0 0 0 0 0 0 0 0 0 0 0 0 0 0 0 0 0 0 0 0 0 0 0 0 0 0 0 0 0 0 0 0 0 0 0 0 0 0 0 0 0 0 0 0 0 0 0 0 0 0 0 0 0 0 0 0 0 0 0 0 0 0 0 0 0 0 0 0 0 0 0 0 0 0 0
0 0 0 0 0 0 0 0 0 0 0 0 0 0 0 0 0 0 0 0 0 0 0 0 0 0 0 0 0 0 0 0 0 0 0 0 0 0 0 0 0 0 0 0 0 0 0 0 0 0 0 0 0 0 0 0 0 0 0 0 0 0 0 0 0 0 0 0 0 0 0 0 0 0 0 0 0 0 0 0 0 0 0 0 0 0 0 0 0 0 0 0 0 0 0 0 0 0 0 0 0 0 0 0 0 0 0 0 0 0 0 0 0 0 0 0 0 0 0 0 0 0 0 0 0 0 0 0
0 0 0 0 0 0 0 0 0 0 0 0 0 0 0 0 0 0 0 0 0 0 0 0 0 0 0 0 0 0 0 0 0 0 0 0 0 0 0 0 0 0 0 0 0 0 0 0 0 0 0 0 0 0 0 0 0 0 0 0 0 0 0 0 0 0 0 0 0 0 0 0 0 0 0 0 0 0 0 0 0 0 0 0 0 0 0 0 0 0 0 0 0 0 0 0 0 0 0 0 0 0 0 0 0 0 0 0 0 0 0 0 0 0 0 0 0 0 0 0 0 0 0 0 0 0 0 0
0 0 0 7 7 7 7 0 0 7 7 7 7 0 0 0 0 0 7 7 7 0 0 0 0 0 7 0 0 7 0 0 0 0 7 0 7 0 0 0 0 7 0 0 0 0 0 0 0 7 7 7 7 7 7 0 0 7 7 7 7 7 0 0 0 7 7 7 7 7 0 0 7 0 0 0 0 0 0 0 0 0 0 0 0 0 0 0 0 0 0 0 0 0 0 0 0 0 0 0 0 0 0 0 0 0 0 0 0 0 0 0 0 0 0 7 0 0 0 0 0 0 0 7 0 0 0 0
0 0 0 0 0 0 7 0 0 0 0 0 7 0 0 0 0 0 0 0 0 0 0 0 0 0 7 0 0 7 0 0 0 0 7 0 7 0 0 0 0 7 0 0 0 0 0 0 0 7 0 0 0 0 7 0 0 7 0 0 0 7 0 0 0 0 0 0 0 7 0 0 0 7 0 0 0 0 0 0 7 0 7 0 7 0 0 0 0 7 0 0 0 0 0 0 0 0 0 0 0 0 0 0 0 7 7 7 0 0 0 0 0 0 7 0 0 0 0 0 0 0 0 0 7 0 0 0
0 0 0 0 0 7 0 0 0 7 7 7 7 7 0 0 0 7 7 7 7 7 0 0 0 0 7 0 0 7 0 0 0 0 7 0 7 0 0 0 0 7 0 0 0 0 0 0 0 7 0 0 0 0 7 0 0 0 0 0 0 7 0 0 0 7 7 7 7 7 0 0 0 0 0 0 7 0 0 0 0 0 0 0 7 0 0 0 7 7 7 7 7 0 0 0 0 7 7 7 0 0 0 0 0 7 7 7 7 0 0 0 7 7 0 0 0 7 7 0 7 7 0 0 0 7 7 0
0 0 0 0 0 7 0 0 0 0 0 0 7 0 0 0 0 0 0 0 0 7 0 0 0 0 0 0 0 7 0 0 0 0 7 0 7 0 7 0 0 7 0 0 7 7 0 0 0 7 0 0 0 0 7 0 0 0 0 0 7 0 0 0 0 0 0 0 0 7 0 0 0 0 0 7 0 0 0 0 0 0 0 7 0 0 0 0 0 7 0 0 7 0 0 0 0 0 0 7 0 0 0 0 0 0 0 7 0 0 0 0 0 0 0 0 7 0 0 0 0 0 7 0 0 0 0 0
0 0 7 7 7 7 7 0 0 7 7 7 7 0 0 0 0 0 0 7 7 0 0 0 0 0 0 7 7 0 0 0 0 7 0 0 7 7 0 0 0 7 7 7 0 0 0 0 0 7 7 7 7 7 7 0 0 0 0 7 0 0 0 0 0 0 0 7 7 0 0 0 7 7 7 0 0 0 0 0 0 7 7 0 0 0 0 0 0 0 7 0 0 0 0 0 0 7 7 7 7 0 0 0 0 7 7 7 0 0 0 0 0 0 0 7 0 0 0 0 0 0 0 7 0 0 0 0
0 0 0 0 0 0 0 0 0 0 0 0 0 0 0 0 0 0 0 0 0 0 0 0 0 0 0 0 0 0 0 0 0 0 0 0 0 0 0 0 0 0 0 0 0 0 0 0 0 0 0 0 0 0 0 0 0 0 0 0 0 0 0 0 0 0 0 0 0 0 0 0 0 0 0 0 0 0 0 0 0 0 0 0 0 0 0 0 0 0 0 0 0 0 0 0 0 0 0 0 0 0 0 0 0 0 0 0 0 0 0 0 0 0 0 0 0 0 0 0 0 0 0 0 0 0 0 0
0 0 0 0 0 0 0 0 0 0 0 0 0 0 0 0 0 0 0 0 0 0 0 0 0 0 0 0 0 0 0 0 0 0 0 0 0 0 0 0 0 0 0 0 0 0 0 0 0 0 0 0 0 0 0 0 0 0 0 0 0 0 0 0 0 0 0 0 0 0 0 0 0 0 0 0 0 0 0 0 0 0 0 0 0 0 0 0 0 0 0 0 0 0 0 0 0 0 0 0 0 0 0 0 0 0 0 0 0 0 0 0 0 0 0 0 0 0 0 0 0 0 0 0 0 0 0 0
0 0 0 0 0 0 0 0 0 0 0 0 0 0 0 0 0 0 0 0 0 0 0 0 0 0 0 0 0 0 0 0 0 0 0 0 0 0 0 0 0 0 0 0 0 0 0 0 0 0 0 0 0 0 0 0 0 0 0 0 0 0 0 0 0 0 0 0 0 0 0 0 0 0 0 0 0 0 0 0 0 0 0 0 0 0 0 0 0 0 0 0 0 0 0 0 0 0 0 0 0 0 0 0 0 0 0 0 0 0 0 0 0 0 0 0 0 0 0 0 0 0 0 0 0 0 0 0
0 0 0 0 0 0 0 0 0 0 0 0 0 0 0 0 0 0 0 0 0 0 0 0 0 0 0 0 0 0 0 0 0 0 0 0 0 0 0 0 0 0 0 0 0 0 0 0 0 0 0 0 0 0 0 0 0 0 0 0 0 0 0 0 0 0 0 0 0 0 0 0 0 0 0 0 0 0 0 0 0 0 0 0 0 0 0 0 0 0 0 0 0 0 0 0 0 0 0 0 0 0 0 0 0 0 0 0 0 0 0 0 0 0 0 0 0 0 0 0 0 0 0 0 0 0 0 0
0 0 0 0 0 0 0 0 0 0 0 0 0 0 0 0 0 0 0 0 0 0 0 0 0 0 0 0 0 0 0 0 0 0 0 0 0 0 0 0 0 0 0 0 0 0 0 0 0 0 0 0 0 0 0 0 0 0 0 0 0 0 0 0 0 0 0 0 0 0 0 0 0 0 0 0 0 0 0 0 0 0 0 0 0 0 0 0 0 0 0 0 0 0 0 0 0 0 0 0 0 0 0 0 0 0 0 0 0 0 0 0 0 0 0 0 0 0 0 0 0 0 0 0 0 0 0 0
0 0 0 0 0 0 0 0 0 0 0 0 0 0 0 0 0 0 0 0 0 0 0 0 0 0 0 0 0 0 0 0 0 0 0 0 0 0 0 0 0 0 0 0 0 0 0 0 0 0 0 0 0 0 0 0 0 0 0 0 0 0 0 0 0 0 0 0 0 0 0 0 0 0 0 0 0 0 0 0 0 0 0 0 0 0 0 0 0 0 0 0 0 0 0 0 0 0 0 0 0 0 0 0 0 0 0 0 0 0 0 0 0 0 0 0 0 0 0 0 0 0 0 0 0 0 0 0
0 0 0 0 0 0 0 0 0 0 0 0 0 0 0 0 0 0 0 0 0 0 0 0 0 0 0 0 0 0 0 0 0 0 0 0 0 0 0 0 0 0 0 0 0 0 0 0 0 0 0 0 0 0 0 0 0 0 0 0 0 0 0 0 0 0 0 0 0 0 0 0 0 0 0 0 0 0 0 0 0 0 0 0 0 0 0 0 0 0 0 0 0 0 0 0 0 0 0 0 0 0 0 0 0 0 0 0 0 0 0 0 0 0 0 0 0 0 0 0 0 0 0 0 0 0 0 0
0 0 0 0 0 0 0 0 0 0 0 0 0 0 0 0 0 0 0 0 0 0 0 0 0 0 0 0 0 0 0 0 0 0 0 0 0 0 0 0 0 0 0 0 0 0 0 0 0 0 0 0 0 0 0 0 0 0 0 0 0 0 0 0 0 0 0 0 0 0 0 0 0 0 0 0 0 0 0 0 0 0 0 0 0 0 0 0 0 0 0 0 0 0 0 0 0 0 0 0 0 0 0 0 0 0 0 0 0 0 0 0 0 0 0 0 0 0 0 0 0 0 0 0 0 0 0 0
0 0 0 0 0 0 0 0 0 0 0 0 0 0 0 0 0 0 0 0 0 0 0 0 0 0 0 0 0 0 0 0 0 0 0 0 0 0 0 0 0 0 0 0 0 0 0 0 0 0 0 0 0 0 0 0 0 0 0 0 0 0 0 0 0 0 0 0 0 0 0 0 0 0 0 0 0 0 0 0 0 0 0 0 0 0 0 0 0 0 0 0 0 0 0 0 0 0 0 0 0 0 0 0 0 0 0 0 0 0 0 0 0 0 0 0 0 0 0 0 0 0 0 0 0 0 0 0
0 0 0 0 0 0 0 0 0 0 0 0 0 0 0 0 0 0 0 0 0 0 0 0 0 0 0 0 0 0 0 0 0 0 0 0 0 0 0 0 0 0 0 0 0 0 0 0 0 0 0 0 0 0 0 0 0 0 0 0 0 0 0 0 0 0 0 0 0 0 0 0 0 0 0 0 0 0 0 0 0 0 0 0 0 0 0 0 0 0 0 0 0 0 0 0 0 0 0 0 0 0 0 0 0 0 0 0 0 0 0 0 0 0 0 0 0 0 0 0 0 0 0 0 0 0 0 0
0 0 0 0 0 0 0 0 0 0 0 0 0 0 0 0 0 0 0 0 0 0 0 0 0 0 0 0 0 0 0 0 0 0 0 0 0 0 0 0 0 0 0 0 0 0 0 0 0 0 0 0 0 0 0 0 0 0 0 0 0 0 0 0 0 0 0 0 0 0 0 0 0 0 0 0 0 0 0 0 0 0 0 0 0 0 0 0 0 0 0 0 0 0 0 0 0 0 0 0 0 0 0 0 0 0 0 0 0 0 0 0 0 0 0 0 0 0 0 0 0 0 0 0 0 0 0 0
end paint
