paint super-title-font 128 128
0 0 1 1 1 1 0 0 1 1 1 1 1 1 0 0 0 0 1 1 1 1 0 0 1 1 1 1 1 0 0 0 1 1 1 1 1 1 1 1 1 1 1 1 1 1 1 1 0 1 1 1 1 1 1 0 1 1 1 1 1 1 1 1 0 1 1 1 1 1 1 0 0 0 1 1 1 1 1 1 1 1 1 1 1 1 1 1 1 1 1 1 0 0 0 0 1 1 1 1 0 1 1 1 1 1 1 1 0 1 1 1 0 0 1 1 1 1 0 0 0 0 0 0 0 0 0 0
0 1 7 7 7 7 1 0 1 7 7 7 7 7 1 0 0 1 7 7 7 7 1 0 1 7 7 7 7 1 0 0 1 7 7 7 7 7 7 1 1 7 7 7 7 7 7 1 1 1 7 7 7 7 1 1 1 7 7 1 1 7 7 1 0 1 7 7 7 7 1 0 0 0 1 7 7 7 7 1 1 7 7 1 1 7 7 1 1 7 7 1 0 0 0 0 1 7 7 1 0 1 7 1 1 7 7 1 0 1 7 1 0 1 7 7 7 7 1 0 0 0 0 0 0 0 0 0
1 7 7 7 7 7 7 1 1 7 7 1 1 7 7 1 1 7 7 1 1 7 7 1 1 7 7 1 1 7 1 0 1 7 7 1 1 1 1 1 1 7 7 1 1 1 1 1 1 7 7 1 1 7 7 1 1 7 7 1 1 7 7 1 0 0 1 7 7 1 0 0 0 0 1 1 7 7 1 1 1 7 7 1 1 7 7 1 1 7 7 1 0 0 0 0 1 7 7 1 1 1 7 1 1 7 7 1 1 1 7 1 1 7 7 1 1 7 7 1 0 0 0 0 0 0 0 0
1 7 7 1 1 7 7 1 1 7 7 1 1 7 7 1 1 7 7 1 1 7 7 1 1 7 7 1 1 7 7 1 1 7 7 1 0 0 0 0 1 7 7 1 0 0 0 0 1 7 7 1 1 7 7 1 1 7 7 1 1 7 7 1 0 0 1 7 7 1 0 0 0 0 0 1 7 7 1 0 1 7 7 1 7 7 1 0 1 7 7 1 0 0 0 0 1 7 7 7 1 7 7 1 1 7 7 7 1 1 7 1 1 7 7 1 1 7 7 1 0 0 0 0 0 0 0 0
1 7 7 1 1 7 7 1 1 7 7 1 1 7 7 1 1 7 7 1 1 7 7 1 1 7 7 1 1 7 7 1 1 7 7 1 0 0 0 0 1 7 7 1 0 0 0 0 1 7 7 1 1 7 7 1 1 7 7 1 1 7 7 1 0 0 1 7 7 1 0 0 0 0 0 1 7 7 1 0 1 7 7 7 7 1 0 0 1 7 7 1 0 0 0 0 1 7 7 7 7 7 7 1 1 7 7 7 1 1 7 1 1 7 7 1 1 7 7 1 0 0 0 0 0 0 0 0
1 7 7 1 1 7 7 1 1 7 7 1 1 7 7 1 1 7 7 1 1 1 1 1 1 7 7 1 1 7 7 1 1 7 7 1 1 1 1 0 1 7 7 1 1 1 1 0 1 7 7 1 1 1 1 1 1 7 7 1 1 7 7 1 0 0 1 7 7 1 0 0 0 0 0 1 7 7 1 0 1 7 7 7 1 0 0 0 1 7 7 1 0 0 0 0 1 7 7 7 7 7 7 1 1 7 7 7 7 1 7 1 1 7 7 1 1 7 7 1 0 0 0 0 0 0 0 0
1 7 7 1 1 7 7 1 1 7 7 7 7 7 1 0 1 7 7 1 0 0 0 0 1 7 7 1 1 7 7 1 1 7 7 7 7 7 1 0 1 7 7 7 7 7 1 0 1 7 7 1 0 0 0 0 1 7 7 7 7 7 7 1 0 0 1 7 7 1 0 0 0 0 0 1 7 7 1 0 1 7 7 7 1 0 0 0 1 7 7 1 0 0 0 0 1 7 7 7 7 7 7 1 1 7 7 7 7 1 7 1 1 7 7 1 1 7 7 1 0 0 0 0 0 0 0 0
1 7 7 7 7 7 7 1 1 7 7 1 1 7 7 1 1 7 7 1 0 0 0 0 1 7 7 1 1 7 7 1 1 7 7 1 1 1 1 0 1 7 7 1 1 1 1 0 1 7 7 1 1 1 1 1 1 7 7 1 1 7 7 1 0 0 1 7 7 1 0 0 0 0 0 1 7 7 1 0 1 7 7 7 7 1 0 0 1 7 7 1 0 0 0 0 1 7 7 7 7 7 7 1 1 7 7 1 7 7 7 1 1 7 7 1 1 7 7 1 0 0 0 0 0 0 0 0
1 7 7 1 1 7 7 1 1 7 7 1 1 7 7 1 1 7 7 1 1 1 1 1 1 7 7 1 1 7 7 1 1 7 7 1 0 0 0 0 1 7 7 1 0 0 0 0 1 7 7 1 7 7 7 1 1 7 7 1 1 7 7 1 0 0 1 7 7 1 0 0 1 1 1 1 7 7 1 0 1 7 7 7 7 1 0 0 1 7 7 1 0 0 0 0 1 7 7 1 7 1 7 1 1 7 7 1 7 7 7 1 1 7 7 1 1 7 7 1 0 0 0 0 0 0 0 0
1 7 7 1 1 7 7 1 1 7 7 1 1 7 7 1 1 7 7 1 1 7 7 1 1 7 7 1 1 7 7 1 1 7 7 1 0 0 0 0 1 7 7 1 0 0 0 0 1 7 7 1 1 7 7 1 1 7 7 1 1 7 7 1 0 0 1 7 7 1 0 0 1 7 7 1 7 7 1 0 1 7 7 1 7 7 1 0 1 7 7 1 0 0 0 0 1 7 7 1 7 1 7 1 1 7 7 1 1 7 7 1 1 7 7 1 1 7 7 1 0 0 0 0 0 0 0 0
1 7 7 1 1 7 7 1 1 7 7 1 1 7 7 1 1 7 7 1 1 7 7 1 1 7 7 1 1 7 7 1 1 7 7 1 0 0 0 0 1 7 7 1 0 0 0 0 1 7 7 1 1 7 7 1 1 7 7 1 1 7 7 1 0 0 1 7 7 1 0 0 1 7 7 1 7 7 1 0 1 7 7 1 7 7 1 0 1 7 7 1 0 0 0 0 1 7 7 1 7 1 7 1 1 7 7 1 1 7 7 1 1 7 7 1 1 7 7 1 0 0 0 0 0 0 0 0
1 7 7 1 1 7 7 1 1 7 7 1 1 7 7 1 1 7 7 1 1 7 7 1 1 7 7 1 1 7 1 0 1 7 7 1 1 1 1 1 1 7 7 1 0 0 0 0 1 7 7 1 1 7 7 1 1 7 7 1 1 7 7 1 0 0 1 7 7 1 0 0 1 7 7 1 7 7 1 0 1 7 7 1 1 7 7 1 1 7 7 1 1 1 1 1 1 7 7 1 1 1 7 1 1 7 7 1 1 1 7 1 1 7 7 1 1 7 7 1 0 0 0 0 0 0 0 0
1 7 7 1 1 7 7 1 1 7 7 7 7 7 1 0 0 1 7 7 7 7 1 0 1 7 7 7 7 1 0 0 1 7 7 7 7 7 7 1 1 7 7 1 0 0 0 0 1 1 7 7 7 1 7 1 1 7 7 1 1 7 7 1 0 1 7 7 7 7 1 0 1 1 7 7 7 1 1 0 1 7 7 1 1 7 7 1 1 7 7 7 7 7 7 1 1 7 7 1 0 1 7 1 1 7 7 1 0 1 7 1 0 1 7 7 7 7 1 0 0 0 0 0 0 0 0 0
1 1 1 1 1 1 1 1 1 1 1 1 1 1 0 0 0 0 1 1 1 1 0 0 1 1 1 1 1 0 0 0 1 1 1 1 1 1 1 1 1 1 1 1 0 0 0 0 0 1 1 1 1 1 1 0 1 1 1 1 1 1 1 1 0 1 1 1 1 1 1 0 0 1 1 1 1 1 0 0 1 1 1 1 1 1 1 1 1 1 1 1 1 1 1 1 1 1 1 1 0 1 1 1 1 1 1 1 0 1 1 1 0 0 1 1 1 1 0 0 0 0 0 0 0 0 0 0
0 0 1 1 1 1 0 0 1 1 1 1 1 1 0 0 0 0 1 1 1 1 0 0 1 1 1 1 1 1 1 1 1 1 1 1 1 1 1 1 1 1 1 1 1 1 1 1 1 1 1 1 1 1 1 1 1 1 1 1 0 1 1 1 1 1 1 1 1 1 1 1 1 1 1 1 1 1 1 1 0 0 1 1 1 1 0 0 1 1 1 1 1 1 0 0 0 0 1 1 1 1 0 0 1 1 1 1 1 0 0 0 1 1 1 1 1 1 1 1 0 0 0 0 0 0 0 0
0 1 7 7 7 7 1 0 1 7 7 7 7 7 1 0 0 1 7 7 7 7 1 0 1 7 7 7 7 7 7 1 1 7 7 1 1 7 7 1 1 7 7 1 1 7 7 1 1 7 7 1 7 1 7 1 1 7 7 1 0 1 7 1 1 7 7 1 1 7 7 1 1 7 7 7 7 7 7 1 0 1 7 7 7 7 1 0 1 7 7 7 7 7 1 0 0 1 7 7 7 7 1 0 1 7 7 7 7 1 0 0 1 7 7 7 7 7 7 1 0 0 0 0 0 0 0 0
1 7 7 1 1 7 7 1 1 7 7 1 1 7 7 1 1 7 7 1 1 7 7 1 1 1 1 7 7 1 1 1 1 7 7 1 1 7 7 1 1 7 7 1 1 7 7 1 1 7 7 1 7 1 7 1 1 7 7 1 0 1 7 1 1 7 7 1 1 7 7 1 1 1 1 1 7 7 7 1 1 7 7 7 7 7 7 1 1 7 7 1 1 7 7 1 1 7 7 1 1 7 7 1 1 7 7 1 1 7 1 0 1 7 7 1 1 1 1 1 0 0 0 0 0 0 0 0
1 7 7 1 1 7 7 1 1 7 7 1 1 7 7 1 1 7 7 1 1 7 7 1 0 0 1 7 7 1 0 0 1 7 7 1 1 7 7 1 1 7 7 1 1 7 7 1 1 7 7 1 7 1 7 1 1 7 7 7 1 7 1 0 1 7 7 1 1 7 7 1 0 0 1 1 7 7 7 1 1 7 7 1 1 7 7 1 1 7 7 1 1 7 7 1 1 7 7 1 1 7 7 1 1 7 7 1 1 7 7 1 1 7 7 1 0 0 0 0 0 0 0 0 0 0 0 0
1 7 7 1 1 7 7 1 1 7 7 1 1 7 7 1 1 7 7 1 1 7 7 1 0 0 1 7 7 1 0 0 1 7 7 1 1 7 7 1 1 7 7 1 1 7 7 1 1 7 7 1 7 1 7 1 0 1 7 7 1 7 1 0 1 7 7 1 1 7 7 1 0 0 1 7 7 7 1 1 1 7 7 1 1 7 7 1 1 7 7 1 1 7 7 1 1 7 7 1 1 7 7 1 1 7 7 1 1 7 7 1 1 7 7 1 0 0 0 0 0 0 0 0 0 0 0 0
1 7 7 1 1 7 7 1 1 7 7 1 1 7 7 1 1 7 7 1 1 1 1 1 0 0 1 7 7 1 0 0 1 7 7 1 1 7 7 1 1 7 7 1 1 7 7 1 1 7 7 1 7 1 7 1 0 1 7 7 7 1 0 0 1 7 7 1 1 7 7 1 0 0 1 7 7 7 1 0 1 7 7 1 1 7 7 1 1 7 7 1 1 7 7 1 1 7 7 1 1 1 1 1 1 7 7 1 1 7 7 1 1 7 7 1 1 1 1 0 0 0 0 0 0 0 0 0
1 7 7 1 1 7 7 1 1 7 7 1 1 7 7 1 0 1 7 7 7 7 1 0 0 0 1 7 7 1 0 0 1 7 7 1 1 7 7 1 1 7 7 1 1 7 7 1 1 7 7 1 7 1 7 1 0 0 1 7 7 1 0 0 1 7 7 1 1 7 7 1 0 1 1 7 7 7 1 0 1 7 7 1 1 7 7 1 1 7 7 7 7 7 1 0 1 7 7 1 0 0 0 0 1 7 7 1 1 7 7 1 1 7 7 7 7 7 1 0 0 0 0 0 0 0 0 0
1 7 7 1 1 7 7 1 1 7 7 7 7 7 1 0 1 1 1 1 1 7 7 1 0 0 1 7 7 1 0 0 1 7 7 1 1 7 7 1 1 7 7 1 1 7 7 1 1 7 7 1 7 1 7 1 0 0 1 7 7 7 1 0 1 1 7 7 7 7 1 1 0 1 7 7 7 1 1 0 1 7 7 7 7 7 7 1 1 7 7 1 1 7 7 1 1 7 7 1 0 0 0 0 1 7 7 1 1 7 7 1 1 7 7 1 1 1 1 0 0 0 0 0 0 0 0 0
1 7 7 1 7 7 1 1 1 7 7 1 1 7 7 1 1 7 7 1 1 7 7 1 0 0 1 7 7 1 0 0 1 7 7 1 1 7 7 1 1 7 7 1 1 7 7 1 1 7 7 1 7 1 7 1 0 1 7 1 7 7 1 0 0 1 1 7 7 1 1 0 0 1 7 7 7 1 0 0 1 7 7 1 1 7 7 1 1 7 7 1 1 7 7 1 1 7 7 1 1 1 1 1 1 7 7 1 1 7 7 1 1 7 7 1 0 0 0 0 0 0 0 0 0 0 0 0
1 7 7 1 7 7 7 1 1 7 7 1 1 7 7 1 1 7 7 1 1 7 7 1 0 0 1 7 7 1 0 0 1 7 7 1 1 7 7 1 1 1 7 1 1 7 1 1 1 7 7 7 7 7 7 1 0 1 7 1 7 7 7 1 0 0 1 7 7 1 0 0 1 1 7 7 7 1 0 0 1 7 7 1 1 7 7 1 1 7 7 1 1 7 7 1 1 7 7 1 1 7 7 1 1 7 7 1 1 7 7 1 1 7 7 1 0 0 0 0 0 0 0 0 0 0 0 0
1 7 7 1 1 7 7 1 1 7 7 1 1 7 7 1 1 7 7 1 1 7 7 1 0 0 1 7 7 1 0 0 1 7 7 1 1 7 7 1 0 1 7 1 1 7 1 0 1 7 7 7 7 7 7 1 1 7 1 0 1 7 7 1 0 0 1 7 7 1 0 0 1 7 7 7 1 1 0 0 1 7 7 1 1 7 7 1 1 7 7 1 1 7 7 1 1 7 7 1 1 7 7 1 1 7 7 1 1 7 7 1 1 7 7 1 0 0 0 0 0 0 0 0 0 0 0 0
1 7 7 1 1 7 7 1 1 7 7 1 1 7 7 1 1 7 7 1 1 7 7 1 0 0 1 7 7 1 0 0 1 7 7 1 1 7 7 1 0 1 1 7 7 1 1 0 1 1 7 7 7 7 7 1 1 7 1 0 1 7 7 1 0 0 1 7 7 1 0 0 1 7 7 7 1 1 1 1 1 7 7 1 1 7 7 1 1 7 7 1 1 7 7 1 1 7 7 1 1 7 7 1 1 7 7 1 1 7 1 0 1 7 7 1 1 1 1 1 0 0 0 0 0 0 0 0
0 1 7 7 7 1 7 1 1 7 7 1 1 7 7 1 0 1 7 7 7 7 1 0 0 0 1 7 7 1 0 0 0 1 7 7 7 7 1 0 0 0 1 7 7 1 0 0 0 1 1 7 1 7 1 1 1 7 1 0 1 7 7 1 0 0 1 7 7 1 0 0 1 7 7 7 7 7 7 1 1 7 7 1 1 7 7 1 1 7 7 7 7 7 1 0 0 1 7 7 7 7 1 0 1 7 7 7 7 1 0 0 1 7 7 7 7 7 7 1 0 0 0 0 0 0 0 0
0 0 1 1 1 0 1 1 1 1 1 1 1 1 1 1 0 0 1 1 1 1 0 0 0 0 1 1 1 1 0 0 0 0 1 1 1 1 0 0 0 0 1 1 1 1 0 0 0 0 1 1 1 1 1 0 1 1 1 0 1 1 1 1 0 0 1 1 1 1 0 0 1 1 1 1 1 1 1 1 1 1 1 1 1 1 1 1 1 1 1 1 1 1 0 0 0 0 1 1 1 1 0 0 1 1 1 1 1 0 0 0 1 1 1 1 1 1 1 1 0 0 0 0 0 0 0 0
0 1 1 1 1 1 1 0 1 1 1 1 1 1 1 1 0 1 1 1 1 1 1 0 0 0 1 1 1 1 1 1 1 1 1 1 1 1 1 1 1 1 1 1 0 0 0 0 1 1 1 1 0 1 1 1 1 1 1 1 0 1 1 1 0 0 1 1 1 1 0 0 1 1 1 1 1 1 0 0 0 0 1 1 1 1 0 0 1 1 1 1 1 1 0 0 0 0 1 1 1 1 0 0 1 1 1 1 1 1 1 1 1 1 1 1 1 1 1 1 0 0 0 0 0 0 0 0
1 1 7 7 7 7 1 1 1 7 7 1 1 7 7 1 0 1 7 7 7 7 1 0 0 0 1 7 7 7 7 1 1 7 7 1 1 7 7 1 1 7 7 1 0 0 0 0 1 7 7 1 0 1 7 1 1 7 7 1 0 1 7 1 0 1 7 7 7 7 1 0 1 7 7 7 7 7 1 0 0 1 7 7 7 7 1 0 1 7 7 7 7 7 1 0 0 1 7 7 7 7 1 0 1 7 7 7 7 7 7 1 1 7 7 1 1 7 7 1 0 0 0 0 0 0 0 0
1 7 7 1 1 7 7 1 1 7 7 1 1 7 7 1 0 0 1 7 7 1 0 0 0 0 1 1 7 7 1 1 1 7 7 1 1 7 7 1 1 7 7 1 0 0 0 0 1 7 7 1 1 1 7 1 1 7 7 1 1 1 7 1 1 7 7 1 1 7 7 1 1 7 7 1 1 7 7 1 1 7 7 1 1 7 7 1 1 7 7 1 1 7 7 1 1 7 7 1 1 7 7 1 1 1 1 7 7 1 1 1 1 7 7 1 1 7 7 1 0 0 0 0 0 0 0 0
1 7 7 1 1 7 7 1 1 7 7 1 1 7 7 1 0 0 1 7 7 1 0 0 0 0 0 1 7 7 1 0 1 7 7 1 7 7 1 0 1 7 7 1 0 0 0 0 1 7 7 7 1 7 7 1 1 7 7 7 1 1 7 1 1 7 7 1 1 7 7 1 1 7 7 1 1 7 7 1 1 7 7 1 1 7 7 1 1 7 7 1 1 7 7 1 1 7 7 1 1 7 7 1 0 0 1 7 7 1 0 0 1 7 7 1 1 7 7 1 0 0 0 0 0 0 0 0
1 7 7 1 1 7 7 1 1 7 7 1 1 7 7 1 0 0 1 7 7 1 0 0 0 0 0 1 7 7 1 0 1 7 7 7 7 1 0 0 1 7 7 1 0 0 0 0 1 7 7 7 7 7 7 1 1 7 7 7 1 1 7 1 1 7 7 1 1 7 7 1 1 7 7 1 1 7 7 1 1 7 7 1 1 7 7 1 1 7 7 1 1 7 7 1 1 7 7 1 1 7 7 1 0 0 1 7 7 1 0 0 1 7 7 1 1 7 7 1 0 0 0 0 0 0 0 0
1 7 7 1 1 1 1 1 1 7 7 1 1 7 7 1 0 0 1 7 7 1 0 0 0 0 0 1 7 7 1 0 1 7 7 7 1 0 0 0 1 7 7 1 0 0 0 0 1 7 7 7 7 7 7 1 1 7 7 7 7 1 7 1 1 7 7 1 1 7 7 1 1 7 7 1 1 7 7 1 1 7 7 1 1 7 7 1 1 7 7 1 1 7 7 1 1 7 7 1 1 1 1 1 0 0 1 7 7 1 0 0 1 7 7 1 1 7 7 1 0 0 0 0 0 0 0 0
1 7 7 1 0 0 0 0 1 7 7 7 7 7 7 1 0 0 1 7 7 1 0 0 0 0 0 1 7 7 1 0 1 7 7 7 1 0 0 0 1 7 7 1 0 0 0 0 1 7 7 7 7 7 7 1 1 7 7 7 7 1 7 1 1 7 7 1 1 7 7 1 1 7 7 1 1 7 7 1 1 7 7 1 1 7 7 1 1 7 7 1 1 7 7 1 0 1 7 7 7 7 1 0 0 0 1 7 7 1 0 0 1 7 7 1 1 7 7 1 0 0 0 0 0 0 0 0
1 7 7 1 1 1 1 1 1 7 7 1 1 7 7 1 0 0 1 7 7 1 0 0 0 0 0 1 7 7 1 0 1 7 7 7 7 1 0 0 1 7 7 1 0 0 0 0 1 7 7 7 7 7 7 1 1 7 7 1 7 7 7 1 1 7 7 1 1 7 7 1 1 7 7 7 7 7 1 0 1 7 7 1 1 7 7 1 1 7 7 7 7 7 1 0 1 1 1 1 1 7 7 1 0 0 1 7 7 1 0 0 1 7 7 1 1 7 7 1 0 0 0 0 0 0 0 0
1 7 7 1 7 7 7 1 1 7 7 1 1 7 7 1 0 0 1 7 7 1 0 0 1 1 1 1 7 7 1 0 1 7 7 7 7 1 0 0 1 7 7 1 0 0 0 0 1 7 7 1 7 1 7 1 1 7 7 1 7 7 7 1 1 7 7 1 1 7 7 1 1 7 7 1 1 1 0 0 1 7 7 1 7 7 1 1 1 7 7 1 1 7 7 1 1 7 7 1 1 7 7 1 0 0 1 7 7 1 0 0 1 7 7 1 1 7 7 1 0 0 0 0 0 0 0 0
1 7 7 1 1 7 7 1 1 7 7 1 1 7 7 1 0 0 1 7 7 1 0 0 1 7 7 1 7 7 1 0 1 7 7 1 7 7 1 0 1 7 7 1 0 0 0 0 1 7 7 1 7 1 7 1 1 7 7 1 1 7 7 1 1 7 7 1 1 7 7 1 1 7 7 1 0 0 0 0 1 7 7 1 7 7 7 1 1 7 7 1 1 7 7 1 1 7 7 1 1 7 7 1 0 0 1 7 7 1 0 0 1 7 7 1 1 7 7 1 0 0 0 0 0 0 0 0
1 7 7 1 1 7 7 1 1 7 7 1 1 7 7 1 0 0 1 7 7 1 0 0 1 7 7 1 7 7 1 0 1 7 7 1 7 7 1 0 1 7 7 1 0 0 0 0 1 7 7 1 7 1 7 1 1 7 7 1 1 7 7 1 1 7 7 1 1 7 7 1 1 7 7 1 0 0 0 0 1 7 7 1 1 7 7 1 1 7 7 1 1 7 7 1 1 7 7 1 1 7 7 1 0 0 1 7 7 1 0 0 1 7 7 1 1 7 7 1 0 0 0 0 0 0 0 0
1 7 7 1 1 7 7 1 1 7 7 1 1 7 7 1 0 0 1 7 7 1 0 0 1 7 7 1 7 7 1 0 1 7 7 1 1 7 7 1 1 7 7 1 1 1 1 1 1 7 7 1 1 1 7 1 1 7 7 1 1 1 7 1 1 7 7 1 1 7 7 1 1 7 7 1 0 0 0 0 1 7 7 1 1 7 7 1 1 7 7 1 1 7 7 1 1 7 7 1 1 7 7 1 0 0 1 7 7 1 0 0 1 7 7 1 1 7 7 1 0 0 0 0 0 0 0 0
1 1 7 7 7 1 7 1 1 7 7 1 1 7 7 1 0 1 7 7 7 7 1 0 1 1 7 7 7 1 1 0 1 7 7 1 1 7 7 1 1 7 7 7 7 7 7 1 1 7 7 1 0 1 7 1 1 7 7 1 0 1 7 1 0 1 7 7 7 7 1 0 1 7 7 1 0 0 0 0 0 1 7 7 7 1 7 1 1 7 7 1 1 7 7 1 0 1 7 7 7 7 1 0 0 0 1 7 7 1 0 0 0 1 7 7 7 7 1 0 0 0 0 0 0 0 0 0
0 1 1 1 1 1 1 0 1 1 1 1 1 1 1 1 0 1 1 1 1 1 1 0 0 1 1 1 1 1 0 0 1 1 1 1 1 1 1 1 1 1 1 1 1 1 1 1 1 1 1 1 0 1 1 1 1 1 1 1 0 1 1 1 0 0 1 1 1 1 0 0 1 1 1 1 0 0 0 0 0 0 1 1 1 0 1 1 1 1 1 1 1 1 1 1 0 0 1 1 1 1 0 0 0 0 1 1 1 1 0 0 0 0 1 1 1 1 0 0 0 0 0 0 0 0 0 0
1 1 1 1 1 1 1 1 1 1 1 1 0 1 1 1 1 1 1 1 1 1 1 1 1 1 1 1 1 1 1 1 0 0 1 1 1 1 0 0 0 0 0 1 1 1 1 1 0 0 1 1 1 1 0 0 0 0 1 1 1 1 0 0 1 1 1 1 1 1 1 0 1 1 1 1 1 1 1 1 0 0 1 1 1 1 0 0 1 1 1 1 1 1 1 1 0 0 1 1 1 1 0 0 0 0 1 1 1 1 0 0 0 0 0 0 0 0 0 0 0 0 0 0 0 0 0 0
1 7 7 1 7 1 7 1 1 7 7 1 0 1 7 1 1 7 7 1 1 7 7 1 1 7 7 7 7 7 7 1 0 1 7 7 7 7 1 0 0 0 0 1 7 7 7 1 0 1 7 7 7 7 1 0 0 1 7 7 7 7 1 0 1 7 7 1 7 7 1 0 1 7 7 7 7 7 7 1 0 1 7 7 7 7 1 0 1 7 7 7 7 7 7 1 0 1 7 7 7 7 1 0 0 1 7 7 7 7 1 0 0 0 0 0 0 0 0 0 0 0 0 0 0 0 0 0
1 7 7 1 7 1 7 1 1 7 7 1 0 1 7 1 1 7 7 1 1 7 7 1 1 1 1 1 7 7 7 1 1 7 7 7 7 7 7 1 0 0 0 1 7 7 7 1 1 7 7 7 7 7 7 1 1 7 7 7 7 7 7 1 1 7 7 1 7 7 1 0 1 7 7 7 7 7 7 1 1 7 7 7 7 7 7 1 1 7 7 7 7 7 7 1 1 7 7 7 7 7 7 1 1 7 7 7 7 7 7 1 0 0 0 0 0 0 0 0 0 0 0 0 0 0 0 0
1 7 7 1 7 1 7 1 1 7 7 7 1 7 1 0 1 7 7 1 1 7 7 1 0 0 1 1 7 7 7 1 1 7 7 1 1 7 7 1 0 0 0 1 1 7 7 1 1 7 7 1 1 7 7 1 1 7 7 1 1 7 7 1 1 7 7 1 7 7 1 0 1 7 7 1 1 1 1 1 1 7 7 1 1 7 7 1 1 7 7 1 1 7 7 1 1 7 7 1 1 7 7 1 1 7 7 1 1 7 7 1 0 0 0 0 0 0 0 0 0 0 0 0 0 0 0 0
1 7 7 1 7 1 7 1 0 1 7 7 1 7 1 0 1 7 7 1 1 7 7 1 0 0 1 7 7 7 1 1 1 7 7 1 1 7 7 1 0 0 0 0 1 7 7 1 1 7 7 1 1 7 7 1 1 7 7 1 1 7 7 1 1 7 7 1 7 7 1 0 1 7 7 1 1 1 0 0 1 7 7 1 1 7 7 1 1 7 7 1 1 7 7 1 1 7 7 1 1 7 7 1 1 7 7 1 1 7 7 1 0 0 0 0 0 0 0 0 0 0 0 0 0 0 0 0
1 7 7 1 7 1 7 1 0 1 7 7 7 1 0 0 1 7 7 1 1 7 7 1 0 0 1 7 7 7 1 0 1 7 7 1 1 7 7 1 0 0 0 0 1 7 7 1 1 1 1 1 1 7 7 1 1 1 1 1 1 7 7 1 1 7 7 1 7 7 1 0 1 7 7 7 7 7 1 0 1 7 7 1 1 1 1 1 1 1 1 1 1 7 7 1 1 7 7 1 1 7 7 1 1 7 7 1 1 7 7 1 0 0 0 0 0 0 0 0 0 0 0 0 0 0 0 0
1 7 7 1 7 1 7 1 0 0 1 7 7 1 0 0 1 7 7 1 1 7 7 1 0 1 1 7 7 7 1 0 1 7 7 1 1 7 7 1 0 0 0 0 1 7 7 1 0 0 0 0 7 7 1 0 0 0 0 0 7 7 1 0 1 7 7 1 7 7 1 0 1 1 1 1 1 7 7 1 1 7 7 7 7 7 1 0 0 0 0 0 1 7 7 1 0 1 7 7 7 7 1 0 1 7 7 1 1 7 7 1 0 0 0 0 0 0 0 0 0 0 0 0 0 0 0 0
1 7 7 1 7 1 7 1 0 0 1 7 7 7 1 0 1 1 7 7 7 7 1 1 0 1 7 7 7 1 1 0 1 7 7 1 1 7 7 1 0 0 0 0 1 7 7 1 0 0 1 7 7 1 0 0 0 0 0 0 7 7 1 0 1 7 7 1 7 7 1 1 0 0 0 0 1 7 7 1 1 7 7 1 1 7 7 1 0 0 0 0 1 7 7 1 0 1 7 7 7 7 1 0 0 1 7 7 7 7 7 1 0 0 0 0 0 0 0 0 0 0 0 0 0 0 0 0
1 7 7 1 7 1 7 1 0 1 7 1 7 7 1 0 0 1 1 7 7 1 1 0 0 1 7 7 7 1 0 0 1 7 7 1 1 7 7 1 0 0 0 0 1 7 7 1 0 1 7 7 1 0 0 0 1 1 1 1 1 7 7 1 1 7 7 7 7 7 7 1 1 1 1 1 1 7 7 1 1 7 7 1 1 7 7 1 0 0 0 0 1 7 7 1 1 7 7 1 1 7 7 1 1 1 1 1 1 7 7 1 0 0 0 0 0 0 0 0 0 0 0 0 0 0 0 0
1 7 7 7 7 7 7 1 0 1 7 1 7 7 7 1 0 0 1 7 7 1 0 0 1 1 7 7 7 1 0 0 1 7 7 1 1 7 7 1 0 0 0 0 1 7 7 1 1 7 7 1 0 0 0 0 1 7 7 1 1 7 7 1 1 7 7 7 7 7 7 1 1 7 7 1 1 7 7 1 1 7 7 1 1 7 7 1 0 0 0 0 1 7 7 1 1 7 7 1 1 7 7 1 1 7 7 1 1 7 7 1 0 0 0 0 0 0 0 0 0 0 0 0 0 0 0 0
1 7 7 7 7 7 7 1 1 7 1 0 1 7 7 1 0 0 1 7 7 1 0 0 1 7 7 7 1 1 0 0 1 7 7 1 1 7 7 1 0 0 0 0 1 7 7 1 1 7 7 1 1 1 1 1 1 7 7 1 1 7 7 1 1 1 1 1 7 7 1 1 1 7 7 1 1 7 7 1 1 7 7 1 1 7 7 1 0 0 0 0 1 7 7 1 1 7 7 1 1 7 7 1 1 7 7 1 1 7 7 1 0 0 0 0 0 0 0 0 0 0 0 0 0 0 0 0
1 1 7 7 7 7 7 1 1 7 1 0 1 7 7 1 0 0 1 7 7 1 0 0 1 7 7 7 1 1 1 1 1 7 7 7 7 7 7 1 0 0 0 0 1 7 7 1 1 7 7 7 7 7 7 1 1 7 7 7 7 7 7 1 0 0 0 1 7 7 1 0 1 7 7 7 7 7 7 1 1 7 7 7 7 7 7 1 0 0 0 0 1 7 7 1 1 7 7 7 7 7 7 1 1 7 7 7 7 7 7 1 0 0 0 0 0 0 0 0 0 0 0 0 0 0 0 0
0 1 1 7 1 7 1 1 1 7 1 0 1 7 7 1 0 0 1 7 7 1 0 0 1 7 7 7 7 7 7 1 0 1 7 7 7 7 1 0 0 0 0 0 1 7 7 1 1 7 7 7 7 7 7 1 0 1 7 7 7 7 1 0 0 0 0 1 7 7 1 0 0 1 7 7 7 7 1 0 0 1 7 7 7 7 1 0 0 0 0 0 1 7 7 1 0 1 7 7 7 7 1 0 0 1 7 7 7 7 1 0 0 0 0 0 0 0 0 0 0 0 0 0 0 0 0 0
0 0 1 1 1 1 1 0 1 1 1 0 1 1 1 1 0 0 1 1 1 1 0 0 1 1 1 1 1 1 1 1 0 0 1 1 1 1 0 0 0 0 0 0 1 1 1 1 1 1 1 1 1 1 1 1 0 0 1 1 1 1 0 0 0 0 0 1 1 1 1 0 0 0 1 1 1 1 0 0 0 0 1 1 1 1 0 0 0 0 0 0 1 1 1 1 0 0 1 1 1 1 0 0 0 0 1 1 1 1 0 0 0 0 0 0 0 0 0 0 0 0 0 0 0 0 0 0
0 0 0 0 0 0 0 0 0 0 0 0 0 0 0 0 0 0 0 0 0 0 0 0 0 0 0 0 0 0 0 0 0 0 0 0 0 0 0 0 0 0 0 0 0 0 0 0 0 0 0 0 0 0 0 0 0 0 0 0 0 0 0 0 0 0 0 0 0 0 0 0 0 0 0 0 0 0 0 0 0 0 0 0 0 0 0 0 0 0 0 0 0 0 0 0 0 0 0 0 0 0 0 0 0 0 0 0 0 0 0 0 0 0 0 0 0 0 0 0 0 0 0 0 0 0 0 0
0 0 0 0 0 0 0 0 0 0 0 0 0 0 0 0 0 0 0 0 0 0 0 0 0 0 0 0 0 0 0 0 0 0 0 0 0 0 0 0 0 0 0 0 0 0 0 0 0 0 0 0 0 0 0 0 0 0 0 0 0 0 0 0 0 0 0 0 0 0 0 0 0 0 0 0 0 0 0 0 0 0 0 0 0 0 0 0 0 0 0 0 0 0 0 0 0 0 0 0 0 0 0 0 0 0 0 0 0 0 0 0 0 0 0 0 0 0 0 0 0 0 0 0 0 0 0 0
0 0 0 0 0 0 0 0 0 0 0 0 0 0 0 0 0 0 0 0 0 0 0 0 0 0 0 0 0 0 0 0 0 0 0 0 0 0 0 0 0 0 0 0 0 0 0 0 0 0 0 0 0 0 0 0 0 0 0 0 0 0 0 0 0 0 0 0 0 0 0 0 0 0 0 0 0 0 0 0 0 0 0 0 0 0 0 0 0 0 0 0 0 0 0 0 0 0 0 0 0 0 0 0 0 0 0 0 0 0 0 0 0 0 0 0 0 0 0 0 0 0 0 0 0 0 0 0
0 0 0 0 0 0 0 0 0 0 0 0 0 0 0 0 0 0 0 0 0 0 0 0 0 0 0 0 0 0 0 0 0 0 0 0 0 0 0 0 0 0 0 0 0 0 0 0 0 0 0 0 0 0 0 0 0 0 0 0 0 0 0 0 0 0 0 0 0 0 0 0 0 0 0 0 0 0 0 0 0 0 0 0 0 0 0 0 0 0 0 0 0 0 0 0 0 0 0 0 0 0 0 0 0 0 0 0 0 0 0 0 0 0 0 0 0 0 0 0 0 0 0 0 0 0 0 0
0 0 0 0 0 0 0 0 0 0 0 0 0 0 0 0 0 0 0 0 0 0 0 0 0 0 0 0 0 0 0 0 0 0 0 0 0 0 0 0 0 0 0 0 0 0 0 0 0 0 0 0 0 0 0 0 0 0 0 0 0 0 0 0 0 0 0 0 0 0 0 0 0 0 0 0 0 0 0 0 0 0 0 0 0 0 0 0 0 0 0 0 0 0 0 0 0 0 0 0 0 0 0 0 0 0 0 0 0 0 0 0 0 0 0 0 0 0 0 0 0 0 0 0 0 0 0 0
0 0 0 0 0 0 0 0 0 0 0 0 0 0 0 0 0 0 0 0 0 0 0 0 0 0 0 0 0 0 0 0 0 0 0 0 0 0 0 0 0 0 0 0 0 0 0 0 0 0 0 0 0 0 0 0 0 0 0 0 0 0 0 0 0 0 0 0 0 0 0 0 0 0 0 0 0 0 0 0 0 0 0 0 0 0 0 0 0 0 0 0 0 0 0 0 0 0 0 0 0 0 0 0 0 0 0 0 0 0 0 0 0 0 0 0 0 0 0 0 0 0 0 0 0 0 0 0
0 0 0 0 0 0 0 0 0 0 0 0 0 0 0 0 0 0 0 0 0 0 0 0 0 0 0 0 0 0 0 0 0 0 0 0 0 0 0 0 0 0 0 0 0 0 0 0 0 0 0 0 0 0 0 0 0 0 0 0 0 0 0 0 0 0 0 0 0 0 0 0 0 0 0 0 0 0 0 0 0 0 0 0 0 0 0 0 0 0 0 0 0 0 0 0 0 0 0 0 0 0 0 0 0 0 0 0 0 0 0 0 0 0 0 0 0 0 0 0 0 0 0 0 0 0 0 0
0 0 0 0 0 0 0 0 0 0 0 0 0 0 0 0 0 0 0 0 0 0 0 0 0 0 0 0 0 0 0 0 0 0 0 0 0 0 0 0 0 0 0 0 0 0 0 0 0 0 0 0 0 0 0 0 0 0 0 0 0 0 0 0 0 0 0 0 0 0 0 0 0 0 0 0 0 0 0 0 0 0 0 0 0 0 0 0 0 0 0 0 0 0 0 0 0 0 0 0 0 0 0 0 0 0 0 0 0 0 0 0 0 0 0 0 0 0 0 0 0 0 0 0 0 0 0 0
0 0 0 0 0 0 0 0 0 0 0 0 0 0 0 0 0 0 0 0 0 0 0 0 0 0 0 0 0 0 0 0 0 0 0 0 0 0 0 0 0 0 0 0 0 0 0 0 0 0 0 0 0 0 0 0 0 0 0 0 0 0 0 0 0 0 0 0 0 0 0 0 0 0 0 0 0 0 0 0 0 0 0 0 0 0 0 0 0 0 0 0 0 0 0 0 0 0 0 0 0 0 0 0 0 0 0 0 0 0 0 0 0 0 0 0 0 0 0 0 0 0 0 0 0 0 0 0
0 0 0 0 0 0 0 0 0 0 0 0 0 0 0 0 0 0 0 0 0 0 0 0 0 0 0 0 0 0 0 0 0 0 0 0 0 0 0 0 0 0 0 0 0 0 0 0 0 0 0 0 0 0 0 0 0 0 0 0 0 0 0 0 0 0 0 0 0 0 0 0 0 0 0 0 0 0 0 0 0 0 0 0 0 0 0 0 0 0 0 0 0 0 0 0 0 0 0 0 0 0 0 0 0 0 0 0 0 0 0 0 0 0 0 0 0 0 0 0 0 0 0 0 0 0 0 0
0 0 0 0 0 0 0 0 0 0 0 0 0 0 0 0 0 0 0 0 0 0 0 0 0 0 0 0 0 0 0 0 0 0 0 0 0 0 0 0 0 0 0 0 0 0 0 0 0 0 0 0 0 0 0 0 0 0 0 0 0 0 0 0 0 0 0 0 0 0 0 0 0 0 0 0 0 0 0 0 0 0 0 0 0 0 0 0 0 0 0 0 0 0 0 0 0 0 0 0 0 0 0 0 0 0 0 0 0 0 0 0 0 0 0 0 0 0 0 0 0 0 0 0 0 0 0 0
0 0 0 0 0 0 0 0 0 0 0 0 0 0 0 0 0 0 0 0 0 0 0 0 0 0 0 0 0 0 0 0 0 0 0 0 0 0 0 0 0 0 0 0 0 0 0 0 0 0 0 0 0 0 0 0 0 0 0 0 0 0 0 0 0 0 0 0 0 0 0 0 0 0 0 0 0 0 0 0 0 0 0 0 0 0 0 0 0 0 0 0 0 0 0 0 0 0 0 0 0 0 0 0 0 0 0 0 0 0 0 0 0 0 0 0 0 0 0 0 0 0 0 0 0 0 0 0
0 0 0 0 0 0 0 0 0 0 0 0 0 0 0 0 0 0 0 0 0 0 0 0 0 0 0 0 0 0 0 0 0 0 0 0 0 0 0 0 0 0 0 0 0 0 0 0 0 0 0 0 0 0 0 0 0 0 0 0 0 0 0 0 0 0 0 0 0 0 0 0 0 0 0 0 0 0 0 0 0 0 0 0 0 0 0 0 0 0 0 0 0 0 0 0 0 0 0 0 0 0 0 0 0 0 0 0 0 0 0 0 0 0 0 0 0 0 0 0 0 0 0 0 0 0 0 0
0 0 0 0 0 0 0 0 0 0 0 0 0 0 0 0 0 0 0 0 0 0 0 0 0 0 0 0 0 0 0 0 0 0 0 0 0 0 0 0 0 0 0 0 0 0 0 0 0 0 0 0 0 0 0 0 0 0 0 0 0 0 0 0 0 0 0 0 0 0 0 0 0 0 0 0 0 0 0 0 0 0 0 0 0 0 0 0 0 0 0 0 0 0 0 0 0 0 0 0 0 0 0 0 0 0 0 0 0 0 0 0 0 0 0 0 0 0 0 0 0 0 0 0 0 0 0 0
0 0 0 0 0 0 0 0 0 0 0 0 0 0 0 0 0 0 0 0 0 0 0 0 0 0 0 0 0 0 0 0 0 0 0 0 0 0 0 0 0 0 0 0 0 0 0 0 0 0 0 0 0 0 0 0 0 0 0 0 0 0 0 0 0 0 0 0 0 0 0 0 0 0 0 0 0 0 0 0 0 0 0 0 0 0 0 0 0 0 0 0 0 0 0 0 0 0 0 0 0 0 0 0 0 0 0 0 0 0 0 0 0 0 0 0 0 0 0 0 0 0 0 0 0 0 0 0
0 0 0 0 0 0 0 0 0 0 0 0 0 0 0 0 0 0 0 0 0 0 0 0 0 0 0 0 0 0 0 0 0 0 0 0 0 0 0 0 0 0 0 0 0 0 0 0 0 0 0 0 0 0 0 0 0 0 0 0 0 0 0 0 0 0 0 0 0 0 0 0 0 0 0 0 0 0 0 0 0 0 0 0 0 0 0 0 0 0 0 0 0 0 0 0 0 0 0 0 0 0 0 0 0 0 0 0 0 0 0 0 0 0 0 0 0 0 0 0 0 0 0 0 0 0 0 0
0 0 0 0 0 0 0 0 0 0 0 0 0 0 0 0 0 0 0 0 0 0 0 0 0 0 0 0 0 0 0 0 0 0 0 0 0 0 0 0 0 0 0 0 0 0 0 0 0 0 0 0 0 0 0 0 0 0 0 0 0 0 0 0 0 0 0 0 0 0 0 0 0 0 0 0 0 0 0 0 0 0 0 0 0 0 0 0 0 0 0 0 0 0 0 0 0 0 0 0 0 0 0 0 0 0 0 0 0 0 0 0 0 0 0 0 0 0 0 0 0 0 0 0 0 0 0 0
0 0 0 0 0 0 0 0 0 0 0 0 0 0 0 0 0 0 0 0 0 0 0 0 0 0 0 0 0 0 0 0 0 0 0 0 0 0 0 0 0 0 0 0 0 0 0 0 0 0 0 0 0 0 0 0 0 0 0 0 0 0 0 0 0 0 0 0 0 0 0 0 0 0 0 0 0 0 0 0 0 0 0 0 0 0 0 0 0 0 0 0 0 0 0 0 0 0 0 0 0 0 0 0 0 0 0 0 0 0 0 0 0 0 0 0 0 0 0 0 0 0 0 0 0 0 0 0
0 0 0 0 0 0 0 0 0 0 0 0 0 0 0 0 0 0 0 0 0 0 0 0 0 0 0 0 0 0 0 0 0 0 0 0 0 0 0 0 0 0 0 0 0 0 0 0 0 0 0 0 0 0 0 0 0 0 0 0 0 0 0 0 0 0 0 0 0 0 0 0 0 0 0 0 0 0 0 0 0 0 0 0 0 0 0 0 0 0 0 0 0 0 0 0 0 0 0 0 0 0 0 0 0 0 0 0 0 0 0 0 0 0 0 0 0 0 0 0 0 0 0 0 0 0 0 0
0 0 0 0 0 0 0 0 0 0 0 0 0 0 0 0 0 0 0 0 0 0 0 0 0 0 0 0 0 0 0 0 0 0 0 0 0 0 0 0 0 0 0 0 0 0 0 0 0 0 0 0 0 0 0 0 0 0 0 0 0 0 0 0 0 0 0 0 0 0 0 0 0 0 0 0 0 0 0 0 0 0 0 0 0 0 0 0 0 0 0 0 0 0 0 0 0 0 0 0 0 0 0 0 0 0 0 0 0 0 0 0 0 0 0 0 0 0 0 0 0 0 0 0 0 0 0 0
0 0 0 0 0 0 0 0 0 0 0 0 0 0 0 0 0 0 0 0 0 0 0 0 0 0 0 0 0 0 0 0 0 0 0 0 0 0 0 0 0 0 0 0 0 0 0 0 0 0 0 0 0 0 0 0 0 0 0 0 0 0 0 0 0 0 0 0 0 0 0 0 0 0 0 0 0 0 0 0 0 0 0 0 0 0 0 0 0 0 0 0 0 0 0 0 0 0 0 0 0 0 0 0 0 0 0 0 0 0 0 0 0 0 0 0 0 0 0 0 0 0 0 0 0 0 0 0
0 0 0 0 0 0 0 0 0 0 0 0 0 0 0 0 0 0 0 0 0 0 0 0 0 0 0 0 0 0 0 0 0 0 0 0 0 0 0 0 0 0 0 0 0 0 0 0 0 0 0 0 0 0 0 0 0 0 0 0 0 0 0 0 0 0 0 0 0 0 0 0 0 0 0 0 0 0 0 0 0 0 0 0 0 0 0 0 0 0 0 0 0 0 0 0 0 0 0 0 0 0 0 0 0 0 0 0 0 0 0 0 0 0 0 0 0 0 0 0 0 0 0 0 0 0 0 0
0 0 0 0 0 0 0 0 0 0 0 0 0 0 0 0 0 0 0 0 0 0 0 0 0 0 0 0 0 0 0 0 0 0 0 0 0 0 0 0 0 0 0 0 0 0 0 0 0 0 0 0 0 0 0 0 0 0 0 0 0 0 0 0 0 0 0 0 0 0 0 0 0 0 0 0 0 0 0 0 0 0 0 0 0 0 0 0 0 0 0 0 0 0 0 0 0 0 0 0 0 0 0 0 0 0 0 0 0 0 0 0 0 0 0 0 0 0 0 0 0 0 0 0 0 0 0 0
0 0 0 0 0 0 0 0 0 0 0 0 0 0 0 0 0 0 0 0 0 0 0 0 0 0 0 0 0 0 0 0 0 0 0 0 0 0 0 0 0 0 0 0 0 0 0 0 0 0 0 0 0 0 0 0 0 0 0 0 0 0 0 0 0 0 0 0 0 0 0 0 0 0 0 0 0 0 0 0 0 0 0 0 0 0 0 0 0 0 0 0 0 0 0 0 0 0 0 0 0 0 0 0 0 0 0 0 0 0 0 0 0 0 0 0 0 0 0 0 0 0 0 0 0 0 0 0
0 0 0 0 0 0 0 0 0 0 0 0 0 0 0 0 0 0 0 0 0 0 0 0 0 0 0 0 0 0 0 0 0 0 0 0 0 0 0 0 0 0 0 0 0 0 0 0 0 0 0 0 0 0 0 0 0 0 0 0 0 0 0 0 0 0 0 0 0 0 0 0 0 0 0 0 0 0 0 0 0 0 0 0 0 0 0 0 0 0 0 0 0 0 0 0 0 0 0 0 0 0 0 0 0 0 0 0 0 0 0 0 0 0 0 0 0 0 0 0 0 0 0 0 0 0 0 0
0 0 0 0 0 0 0 0 0 0 0 0 0 0 0 0 0 0 0 0 0 0 0 0 0 0 0 0 0 0 0 0 0 0 0 0 0 0 0 0 0 0 0 0 0 0 0 0 0 0 0 0 0 0 0 0 0 0 0 0 0 0 0 0 0 0 0 0 0 0 0 0 0 0 0 0 0 0 0 0 0 0 0 0 0 0 0 0 0 0 0 0 0 0 0 0 0 0 0 0 0 0 0 0 0 0 0 0 0 0 0 0 0 0 0 0 0 0 0 0 0 0 0 0 0 0 0 0
0 0 0 0 0 0 0 0 0 0 0 0 0 0 0 0 0 0 0 0 0 0 0 0 0 0 0 0 0 0 0 0 0 0 0 0 0 0 0 0 0 0 0 0 0 0 0 0 0 0 0 0 0 0 0 0 0 0 0 0 0 0 0 0 0 0 0 0 0 0 0 0 0 0 0 0 0 0 0 0 0 0 0 0 0 0 0 0 0 0 0 0 0 0 0 0 0 0 0 0 0 0 0 0 0 0 0 0 0 0 0 0 0 0 0 0 0 0 0 0 0 0 0 0 0 0 0 0
0 0 0 0 0 0 0 0 0 0 0 0 0 0 0 0 0 0 0 0 0 0 0 0 0 0 0 0 0 0 0 0 0 0 0 0 0 0 0 0 0 0 0 0 0 0 0 0 0 0 0 0 0 0 0 0 0 0 0 0 0 0 0 0 0 0 0 0 0 0 0 0 0 0 0 0 0 0 0 0 0 0 0 0 0 0 0 0 0 0 0 0 0 0 0 0 0 0 0 0 0 0 0 0 0 0 0 0 0 0 0 0 0 0 0 0 0 0 0 0 0 0 0 0 0 0 0 0
0 0 0 0 0 0 0 0 0 0 0 0 0 0 0 0 0 0 0 0 0 0 0 0 0 0 0 0 0 0 0 0 0 0 0 0 0 0 0 0 0 0 0 0 0 0 0 0 0 0 0 0 0 0 0 0 0 0 0 0 0 0 0 0 0 0 0 0 0 0 0 0 0 0 0 0 0 0 0 0 0 0 0 0 0 0 0 0 0 0 0 0 0 0 0 0 0 0 0 0 0 0 0 0 0 0 0 0 0 0 0 0 0 0 0 0 0 0 0 0 0 0 0 0 0 0 0 0
0 0 0 0 0 0 0 0 0 0 0 0 0 0 0 0 0 0 0 0 0 0 0 0 0 0 0 0 0 0 0 0 0 0 0 0 0 0 0 0 0 0 0 0 0 0 0 0 0 0 0 0 0 0 0 0 0 0 0 0 0 0 0 0 0 0 0 0 0 0 0 0 0 0 0 0 0 0 0 0 0 0 0 0 0 0 0 0 0 0 0 0 0 0 0 0 0 0 0 0 0 0 0 0 0 0 0 0 0 0 0 0 0 0 0 0 0 0 0 0 0 0 0 0 0 0 0 0
0 0 0 0 0 0 0 0 0 0 0 0 0 0 0 0 0 0 0 0 0 0 0 0 0 0 0 0 0 0 0 0 0 0 0 0 0 0 0 0 0 0 0 0 0 0 0 0 0 0 0 0 0 0 0 0 0 0 0 0 0 0 0 0 0 0 0 0 0 0 0 0 0 0 0 0 0 0 0 0 0 0 0 0 0 0 0 0 0 0 0 0 0 0 0 0 0 0 0 0 0 0 0 0 0 0 0 0 0 0 0 0 0 0 0 0 0 0 0 0 0 0 0 0 0 0 0 0
0 0 0 0 0 0 0 0 0 0 0 0 0 0 0 0 0 0 0 0 0 0 0 0 0 0 0 0 0 0 0 0 0 0 0 0 0 0 0 0 0 0 0 0 0 0 0 0 0 0 0 0 0 0 0 0 0 0 0 0 0 0 0 0 0 0 0 0 0 0 0 0 0 0 0 0 0 0 0 0 0 0 0 0 0 0 0 0 0 0 0 0 0 0 0 0 0 0 0 0 0 0 0 0 0 0 0 0 0 0 0 0 0 0 0 0 0 0 0 0 0 0 0 0 0 0 0 0
0 0 0 0 0 0 0 0 0 0 0 0 0 0 0 0 0 0 0 0 0 0 0 0 0 0 0 0 0 0 0 0 0 0 0 0 0 0 0 0 0 0 0 0 0 0 0 0 0 0 0 0 0 0 0 0 0 0 0 0 0 0 0 0 0 0 0 0 0 0 0 0 0 0 0 0 0 0 0 0 0 0 0 0 0 0 0 0 0 0 0 0 0 0 0 0 0 0 0 0 0 0 0 0 0 0 0 0 0 0 0 0 0 0 0 0 0 0 0 0 0 0 0 0 0 0 0 0
0 0 0 0 0 0 0 0 0 0 0 0 0 0 0 0 0 0 0 0 0 0 0 0 0 0 0 0 0 0 0 0 0 0 0 0 0 0 0 0 0 0 0 0 0 0 0 0 0 0 0 0 0 0 0 0 0 0 0 0 0 0 0 0 0 0 0 0 0 0 0 0 0 0 0 0 0 0 0 0 0 0 0 0 0 0 0 0 0 0 0 0 0 0 0 0 0 0 0 0 0 0 0 0 0 0 0 0 0 0 0 0 0 0 0 0 0 0 0 0 0 0 0 0 0 0 0 0
0 0 0 0 0 0 0 0 0 0 0 0 0 0 0 0 0 0 0 0 0 0 0 0 0 0 0 0 0 0 0 0 0 0 0 0 0 0 0 0 0 0 0 0 0 0 0 0 0 0 0 0 0 0 0 0 0 0 0 0 0 0 0 0 0 0 0 0 0 0 0 0 0 0 0 0 0 0 0 0 0 0 0 0 0 0 0 0 0 0 0 0 0 0 0 0 0 0 0 0 0 0 0 0 0 0 0 0 0 0 0 0 0 0 0 0 0 0 0 0 0 0 0 0 0 0 0 0
1 1 1 1 1 1 1 1 13 13 13 13 13 13 13 13 13 13 13 13 13 13 13 13 0 0 0 0 0 0 0 0 0 0 0 0 0 0 0 0 0 0 0 0 0 0 0 0 0 0 0 0 0 0 0 0 0 0 0 0 0 0 0 0 0 0 0 0 0 0 0 0 0 0 0 0 0 0 0 0 0 0 0 0 0 0 0 0 0 0 0 0 0 0 0 0 0 0 0 0 0 0 0 0 0 0 0 0 0 0 0 0 0 0 0 0 0 0 0 0 0 0 0 0 0 0 0 0
1 7 7 7 7 7 7 1 13 13 13 13 13 13 13 13 13 13 13 13 13 13 13 13 0 0 0 0 0 0 0 0 0 0 0 0 0 0 0 0 0 0 0 0 0 0 0 0 0 0 0 0 0 0 0 0 0 0 0 0 0 0 0 0 0 0 0 0 0 0 0 0 0 0 0 0 0 0 0 0 0 0 0 0 0 0 0 0 0 0 0 0 0 0 0 0 0 0 0 0 0 0 0 0 0 0 0 0 0 0 0 0 0 0 0 0 0 0 0 0 0 0 0 0 0 0 0 0
1 1 1 1 7 7 7 1 13 13 13 13 13 13 13 13 13 13 13 13 13 13 13 13 0 0 0 0 0 0 0 0 0 0 0 0 0 0 0 0 0 0 0 0 0 0 0 0 0 0 0 0 0 0 0 0 0 0 0 0 0 0 0 0 0 0 0 0 0 0 0 0 0 0 0 0 0 0 0 0 0 0 0 0 0 0 0 0 0 0 0 0 0 0 0 0 0 0 0 0 0 0 0 0 0 0 0 0 0 0 0 0 0 0 0 0 0 0 0 0 0 0 0 0 0 0 0 0
13 13 1 1 7 7 7 1 13 13 13 13 13 13 13 13 13 13 13 13 13 13 13 13 0 0 0 0 0 0 0 0 0 0 0 0 0 0 0 0 0 0 0 0 0 0 0 0 0 0 0 0 0 0 0 0 0 0 0 0 0 0 0 0 0 0 0 0 0 0 0 0 0 0 0 0 0 0 0 0 0 0 0 0 0 0 0 0 0 0 0 0 0 0 0 0 0 0 0 0 0 0 0 0 0 0 0 0 0 0 0 0 0 0 0 0 0 0 0 0 0 0 0 0 0 0 0 0
13 13 1 7 7 7 1 1 13 13 13 13 13 13 13 13 13 13 13 13 13 13 13 13 0 0 0 0 0 0 0 0 0 0 0 0 0 0 0 0 0 0 0 0 0 0 0 0 0 0 0 0 0 0 0 0 0 0 0 0 0 0 0 0 0 0 0 0 0 0 0 0 0 0 0 0 0 0 0 0 0 0 0 0 0 0 0 0 0 0 0 0 0 0 0 0 0 0 0 0 0 0 0 0 0 0 0 0 0 0 0 0 0 0 0 0 0 0 0 0 0 0 0 0 0 0 0 0
13 13 1 7 7 7 1 13 13 1 1 1 1 1 1 13 13 13 13 13 13 13 13 13 0 0 0 0 0 0 0 0 0 0 0 0 0 0 0 0 0 0 0 0 0 0 0 0 0 0 0 0 0 0 0 0 0 0 0 0 0 0 0 0 0 0 0 0 0 0 0 0 0 0 0 0 0 0 0 0 0 0 0 0 0 0 0 0 0 0 0 0 0 0 0 0 0 0 0 0 0 0 0 0 0 0 0 0 0 0 0 0 0 0 0 0 0 0 0 0 0 0 0 0 0 0 0 0
13 1 1 7 7 7 1 13 13 1 7 7 7 7 1 13 13 13 13 13 13 13 13 13 0 0 0 0 0 0 0 0 0 0 0 0 0 0 0 0 0 0 0 0 0 0 0 0 0 0 0 0 0 0 0 0 0 0 0 0 0 0 0 0 0 0 0 0 0 0 0 0 0 0 0 0 0 0 0 0 0 0 0 0 0 0 0 0 0 0 0 0 0 0 0 0 0 0 0 0 0 0 0 0 0 0 0 0 0 0 0 0 0 0 0 0 0 0 0 0 0 0 0 0 0 0 0 0
13 1 7 7 7 1 1 13 13 1 1 1 1 1 1 13 13 13 13 13 13 13 13 13 0 0 0 0 0 0 0 0 0 0 0 0 0 0 0 0 0 0 0 0 0 0 0 0 0 0 0 0 0 0 0 0 0 0 0 0 0 0 0 0 0 0 0 0 0 0 0 0 0 0 0 0 0 0 0 0 0 0 0 0 0 0 0 0 0 0 0 0 0 0 0 0 0 0 0 0 0 0 0 0 0 0 0 0 0 0 0 0 0 0 0 0 0 0 0 0 0 0 0 0 0 0 0 0
13 1 7 7 7 1 13 13 13 13 13 13 13 13 13 13 13 13 13 13 13 13 13 13 0 0 0 0 0 0 0 0 0 0 0 0 0 0 0 0 0 0 0 0 0 0 0 0 0 0 0 0 0 0 0 0 0 0 0 0 0 0 0 0 0 0 0 0 0 0 0 0 0 0 0 0 0 0 0 0 0 0 0 0 0 0 0 0 0 0 0 0 0 0 0 0 0 0 0 0 0 0 0 0 0 0 0 0 0 0 0 0 0 0 0 0 0 0 0 0 0 0 0 0 0 0 0 0
1 1 7 7 7 1 13 13 13 13 13 13 13 13 13 13 13 13 13 13 13 13 13 13 0 0 0 0 0 0 0 0 0 0 0 0 0 0 0 0 0 0 0 0 0 0 0 0 0 0 0 0 0 0 0 0 0 0 0 0 0 0 0 0 0 0 0 0 0 0 0 0 0 0 0 0 0 0 0 0 0 0 0 0 0 0 0 0 0 0 0 0 0 0 0 0 0 0 0 0 0 0 0 0 0 0 0 0 0 0 0 0 0 0 0 0 0 0 0 0 0 0 0 0 0 0 0 0
1 7 7 7 1 1 13 13 13 13 13 13 13 13 13 13 13 13 13 13 13 13 13 13 0 0 0 0 0 0 0 0 0 0 0 0 0 0 0 0 0 0 0 0 0 0 0 0 0 0 0 0 0 0 0 0 0 0 0 0 0 0 0 0 0 0 0 0 0 0 0 0 0 0 0 0 0 0 0 0 0 0 0 0 0 0 0 0 0 0 0 0 0 0 0 0 0 0 0 0 0 0 0 0 0 0 0 0 0 0 0 0 0 0 0 0 0 0 0 0 0 0 0 0 0 0 0 0
1 7 7 7 1 1 1 1 13 13 13 13 13 13 13 13 13 1 1 1 13 13 13 13 0 0 0 0 0 0 0 0 0 0 0 0 0 0 0 0 0 0 0 0 0 0 0 0 0 0 0 0 0 0 0 0 0 0 0 0 0 0 0 0 0 0 0 0 0 0 0 0 0 0 0 0 0 0 0 0 0 0 0 0 0 0 0 0 0 0 0 0 0 0 0 0 0 0 0 0 0 0 0 0 0 0 0 0 0 0 0 0 0 0 0 0 0 0 0 0 0 0 0 0 0 0 0 0
1 7 7 7 7 7 7 1 13 13 13 13 13 13 13 13 13 1 7 1 13 13 13 13 0 0 0 0 0 0 0 0 0 0 0 0 0 0 0 0 0 0 0 0 0 0 0 0 0 0 0 0 0 0 0 0 0 0 0 0 0 0 0 0 0 0 0 0 0 0 0 0 0 0 0 0 0 0 0 0 0 0 0 0 0 0 0 0 0 0 0 0 0 0 0 0 0 0 0 0 0 0 0 0 0 0 0 0 0 0 0 0 0 0 0 0 0 0 0 0 0 0 0 0 0 0 0 0
1 1 1 1 1 1 1 1 13 13 13 13 13 13 13 13 13 1 1 1 13 13 13 13 0 0 0 0 0 0 0 0 0 0 0 0 0 0 0 0 0 0 0 0 0 0 0 0 0 0 0 0 0 0 0 0 0 0 0 0 0 0 0 0 0 0 0 0 0 0 0 0 0 0 0 0 0 0 0 0 0 0 0 0 0 0 0 0 0 0 0 0 0 0 0 0 0 0 0 0 0 0 0 0 0 0 0 0 0 0 0 0 0 0 0 0 0 0 0 0 0 0 0 0 0 0 0 0
0 0 0 0 0 0 0 0 0 0 0 0 0 0 0 0 0 0 0 0 0 0 0 0 0 0 0 0 0 0 0 0 0 0 0 0 0 0 0 0 0 0 0 0 0 0 0 0 0 0 0 0 0 0 0 0 0 0 0 0 0 0 0 0 0 0 0 0 0 0 0 0 0 0 0 0 0 0 0 0 0 0 0 0 0 0 0 0 0 0 0 0 0 0 0 0 0 0 0 0 0 0 0 0 0 0 0 0 0 0 0 0 0 0 0 0 0 0 0 0 0 0 0 0 0 0 0 0
0 0 0 0 0 0 0 0 0 0 0 0 0 0 0 0 0 0 0 0 0 0 0 0 0 0 0 0 0 0 0 0 0 0 0 0 0 0 0 0 0 0 0 0 0 0 0 0 0 0 0 0 0 0 0 0 0 0 0 0 0 0 0 0 0 0 0 0 0 0 0 0 0 0 0 0 0 0 0 0 0 0 0 0 0 0 0 0 0 0 0 0 0 0 0 0 0 0 0 0 0 0 0 0 0 0 0 0 0 0 0 0 0 0 0 0 0 0 0 0 0 0 0 0 0 0 0 0
0 0 0 0 0 0 0 0 0 0 0 0 0 0 0 0 0 0 0 0 0 0 0 0 0 0 0 0 0 0 0 0 0 0 0 0 0 0 0 0 0 0 0 0 0 0 0 0 0 0 0 0 0 0 0 0 0 0 0 0 0 0 0 0 0 0 0 0 0 0 0 0 0 0 0 0 0 0 0 0 0 0 0 0 0 0 0 0 0 0 0 0 0 0 0 0 0 0 0 0 0 0 0 0 0 0 0 0 0 0 0 0 0 0 0 0 0 0 0 0 0 0 0 0 0 0 0 0
0 0 0 0 0 0 0 0 0 0 0 0 0 0 0 0 0 0 0 0 0 0 0 0 0 0 0 0 0 0 0 0 0 0 0 0 0 0 0 0 0 0 0 0 0 0 0 0 0 0 0 0 0 0 0 0 0 0 0 0 0 0 0 0 0 0 0 0 0 0 0 0 0 0 0 0 0 0 0 0 0 0 0 0 0 0 0 0 0 0 0 0 0 0 0 0 0 0 0 0 0 0 0 0 0 0 0 0 0 0 0 0 0 0 0 0 0 0 0 0 0 0 0 0 0 0 0 0
0 0 0 0 0 0 0 0 0 0 0 0 0 0 0 0 0 0 0 0 0 0 0 0 0 0 0 0 0 0 0 0 0 0 0 0 0 0 0 0 0 0 0 0 0 0 0 0 0 0 0 0 0 0 0 0 0 0 0 0 0 0 0 0 0 0 0 0 0 0 0 0 0 0 0 0 0 0 0 0 0 0 0 0 0 0 0 0 0 0 0 0 0 0 0 0 0 0 0 0 0 0 0 0 0 0 0 0 0 0 0 0 0 0 0 0 0 0 0 0 0 0 0 0 0 0 0 0
0 0 0 0 0 0 0 0 0 0 0 0 0 0 0 0 0 0 0 0 0 0 0 0 0 0 0 0 0 0 0 0 0 0 0 0 0 0 0 0 0 0 0 0 0 0 0 0 0 0 0 0 0 0 0 0 0 0 0 0 0 0 0 0 0 0 0 0 0 0 0 0 0 0 0 0 0 0 0 0 0 0 0 0 0 0 0 0 0 0 0 0 0 0 0 0 0 0 0 0 0 0 0 0 0 0 0 0 0 0 0 0 0 0 0 0 0 0 0 0 0 0 0 0 0 0 0 0
0 0 0 0 0 0 0 0 0 0 0 0 0 0 0 0 0 0 0 0 0 0 0 0 0 0 0 0 0 0 0 0 0 0 0 0 0 0 0 0 0 0 0 0 0 0 0 0 0 0 0 0 0 0 0 0 0 0 0 0 0 0 0 0 0 0 0 0 0 0 0 0 0 0 0 0 0 0 0 0 0 0 0 0 0 0 0 0 0 0 0 0 0 0 0 0 0 0 0 0 0 0 0 0 0 0 0 0 0 0 0 0 0 0 0 0 0 0 0 0 0 0 0 0 0 0 0 0
0 0 0 0 0 0 0 0 0 0 0 0 0 0 0 0 0 0 0 0 0 0 0 0 0 0 0 0 0 0 0 0 0 0 0 0 0 0 0 0 0 0 0 0 0 0 0 0 0 0 0 0 0 0 0 0 0 0 0 0 0 0 0 0 0 0 0 0 0 0 0 0 0 0 0 0 0 0 0 0 0 0 0 0 0 0 0 0 0 0 0 0 0 0 0 0 0 0 0 0 0 0 0 0 0 0 0 0 0 0 0 0 0 0 0 0 0 0 0 0 0 0 0 0 0 0 0 0
0 0 0 0 0 0 0 0 0 0 0 0 0 0 0 0 0 0 0 0 0 0 0 0 0 0 0 0 0 0 0 0 0 0 0 0 0 0 0 0 0 0 0 0 0 0 0 0 0 0 0 0 0 0 0 0 0 0 0 0 0 0 0 0 0 0 0 0 0 0 0 0 0 0 0 0 0 0 0 0 0 0 0 0 0 0 0 0 0 0 0 0 0 0 0 0 0 0 0 0 0 0 0 0 0 0 0 0 0 0 0 0 0 0 0 0 0 0 0 0 0 0 0 0 0 0 0 0
0 0 0 0 0 0 0 0 0 0 0 0 0 0 0 0 0 0 0 0 0 0 0 0 0 0 0 0 0 0 0 0 0 0 0 0 0 0 0 0 0 0 0 0 0 0 0 0 0 0 0 0 0 0 0 0 0 0 0 0 0 0 0 0 0 0 0 0 0 0 0 0 0 0 0 0 0 0 0 0 0 0 0 0 0 0 0 0 0 0 0 0 0 0 0 0 0 0 0 0 0 0 0 0 0 0 0 0 0 0 0 0 0 0 0 0 0 0 0 0 0 0 0 0 0 0 0 0
0 0 0 0 0 0 0 0 0 0 0 0 0 0 0 0 0 0 0 0 0 0 0 0 0 0 0 0 0 0 0 0 0 0 0 0 0 0 0 0 0 0 0 0 0 0 0 0 0 0 0 0 0 0 0 0 0 0 0 0 0 0 0 0 0 0 0 0 0 0 0 0 0 0 0 0 0 0 0 0 0 0 0 0 0 0 0 0 0 0 0 0 0 0 0 0 0 0 0 0 0 0 0 0 0 0 0 0 0 0 0 0 0 0 0 0 0 0 0 0 0 0 0 0 0 0 0 0
0 0 0 0 0 0 0 0 0 0 0 0 0 0 0 0 0 0 0 0 0 0 0 0 0 0 0 0 0 0 0 0 0 0 0 0 0 0 0 0 0 0 0 0 0 0 0 0 0 0 0 0 0 0 0 0 0 0 0 0 0 0 0 0 0 0 0 0 0 0 0 0 0 0 0 0 0 0 0 0 0 0 0 0 0 0 0 0 0 0 0 0 0 0 0 0 0 0 0 0 0 0 0 0 0 0 0 0 0 0 0 0 0 0 0 0 0 0 0 0 0 0 0 0 0 0 0 0
0 0 0 0 0 0 0 0 0 0 0 0 0 0 0 0 0 0 0 0 0 0 0 0 0 0 0 0 0 0 0 0 0 0 0 0 0 0 0 0 0 0 0 0 0 0 0 0 0 0 0 0 0 0 0 0 0 0 0 0 0 0 0 0 0 0 0 0 0 0 0 0 0 0 0 0 0 0 0 0 0 0 0 0 0 0 0 0 0 0 0 0 0 0 0 0 0 0 0 0 0 0 0 0 0 0 0 0 0 0 0 0 0 0 0 0 0 0 0 0 0 0 0 0 0 0 0 0
0 0 0 0 0 0 0 0 0 0 0 0 0 0 0 0 0 0 0 0 0 0 0 0 0 0 0 0 0 0 0 0 0 0 0 0 0 0 0 0 0 0 0 0 0 0 0 0 0 0 0 0 0 0 0 0 0 0 0 0 0 0 0 0 0 0 0 0 0 0 0 0 0 0 0 0 0 0 0 0 0 0 0 0 0 0 0 0 0 0 0 0 0 0 0 0 0 0 0 0 0 0 0 0 0 0 0 0 0 0 0 0 0 0 0 0 0 0 0 0 0 0 0 0 0 0 0 0
0 0 0 0 0 0 0 0 0 0 0 0 0 0 0 0 0 0 0 0 0 0 0 0 0 0 0 0 0 0 0 0 0 0 0 0 0 0 0 0 0 0 0 0 0 0 0 0 0 0 0 0 0 0 0 0 0 0 0 0 0 0 0 0 0 0 0 0 0 0 0 0 0 0 0 0 0 0 0 0 0 0 0 0 0 0 0 0 0 0 0 0 0 0 0 0 0 0 0 0 0 0 0 0 0 0 0 0 0 0 0 0 0 0 0 0 0 0 0 0 0 0 0 0 0 0 0 0
0 0 0 0 0 0 0 0 0 0 0 0 0 0 0 0 0 0 0 0 0 0 0 0 0 0 0 0 0 0 0 0 0 0 0 0 0 0 0 0 0 0 0 0 0 0 0 0 0 0 0 0 0 0 0 0 0 0 0 0 0 0 0 0 0 0 0 0 0 0 0 0 0 0 0 0 0 0 0 0 0 0 0 0 0 0 0 0 0 0 0 0 0 0 0 0 0 0 0 0 0 0 0 0 0 0 0 0 0 0 0 0 0 0 0 0 0 0 0 0 0 0 0 0 0 0 0 0
0 0 0 0 0 0 0 0 0 0 0 0 0 0 0 0 0 0 0 0 0 0 0 0 0 0 0 0 0 0 0 0 0 0 0 0 0 0 0 0 0 0 0 0 0 0 0 0 0 0 0 0 0 0 0 0 0 0 0 0 0 0 0 0 0 0 0 0 0 0 0 0 0 0 0 0 0 0 0 0 0 0 0 0 0 0 0 0 0 0 0 0 0 0 0 0 0 0 0 0 0 0 0 0 0 0 0 0 0 0 0 0 0 0 0 0 0 0 0 0 0 0 0 0 0 0 0 0
0 0 0 0 0 0 0 0 0 0 0 0 0 0 0 0 0 0 0 0 0 0 0 0 0 0 0 0 0 0 0 0 0 0 0 0 0 0 0 0 0 0 0 0 0 0 0 0 0 0 0 0 0 0 0 0 0 0 0 0 0 0 0 0 0 0 0 0 0 0 0 0 0 0 0 0 0 0 0 0 0 0 0 0 0 0 0 0 0 0 0 0 0 0 0 0 0 0 0 0 0 0 0 0 0 0 0 0 0 0 0 0 0 0 0 0 0 0 0 0 0 0 0 0 0 0 0 0
0 0 0 0 0 0 0 0 0 0 0 0 0 0 0 0 0 0 0 0 0 0 0 0 0 0 0 0 0 0 0 0 0 0 0 0 0 0 0 0 0 0 0 0 0 0 0 0 0 0 0 0 0 0 0 0 0 0 0 0 0 0 0 0 0 0 0 0 0 0 0 0 0 0 0 0 0 0 0 0 0 0 0 0 0 0 0 0 0 0 0 0 0 0 0 0 0 0 0 0 0 0 0 0 0 0 0 0 0 0 0 0 0 0 0 0 0 0 0 0 0 0 0 0 0 0 0 0
0 0 0 0 0 0 0 0 0 0 0 0 0 0 0 0 0 0 0 0 0 0 0 0 0 0 0 0 0 0 0 0 0 0 0 0 0 0 0 0 0 0 0 0 0 0 0 0 0 0 0 0 0 0 0 0 0 0 0 0 0 0 0 0 0 0 0 0 0 0 0 0 0 0 0 0 0 0 0 0 0 0 0 0 0 0 0 0 0 0 0 0 0 0 0 0 0 0 0 0 0 0 0 0 0 0 0 0 0 0 0 0 0 0 0 0 0 0 0 0 0 0 0 0 0 0 0 0
0 0 0 0 0 0 0 0 0 0 0 0 0 0 0 0 0 0 0 0 0 0 0 0 0 0 0 0 0 0 0 0 0 0 0 0 0 0 0 0 0 0 0 0 0 0 0 0 0 0 0 0 0 0 0 0 0 0 0 0 0 0 0 0 0 0 0 0 0 0 0 0 0 0 0 0 0 0 0 0 0 0 0 0 0 0 0 0 0 0 0 0 0 0 0 0 0 0 0 0 0 0 0 0 0 0 0 0 0 0 0 0 0 0 0 0 0 0 0 0 0 0 0 0 0 0 0 0
0 0 0 0 0 0 0 0 0 0 0 0 0 0 0 0 0 0 0 0 0 0 0 0 0 0 0 0 0 0 0 0 0 0 0 0 0 0 0 0 0 0 0 0 0 0 0 0 0 0 0 0 0 0 0 0 0 0 0 0 0 0 0 0 0 0 0 0 0 0 0 0 0 0 0 0 0 0 0 0 0 0 0 0 0 0 0 0 0 0 0 0 0 0 0 0 0 0 0 0 0 0 0 0 0 0 0 0 0 0 0 0 0 0 0 0 0 0 0 0 0 0 0 0 0 0 0 0
0 0 0 0 0 0 0 0 0 0 0 0 0 0 0 0 0 0 0 0 0 0 0 0 0 0 0 0 0 0 0 0 0 0 0 0 0 0 0 0 0 0 0 0 0 0 0 0 0 0 0 0 0 0 0 0 0 0 0 0 0 0 0 0 0 0 0 0 0 0 0 0 0 0 0 0 0 0 0 0 0 0 0 0 0 0 0 0 0 0 0 0 0 0 0 0 0 0 0 0 0 0 0 0 0 0 0 0 0 0 0 0 0 0 0 0 0 0 0 0 0 0 0 0 0 0 0 0
end paint
